# Reference Image
# name: A
# type: matrix
# rows: 50
# columns: 50
 10 15 1 29 19 31 6 28 23 27 25 1 2 30 18 13 13 22 25 27 11 12 28 13 18 11 9 11 12 9 8 14 10 19 2 10 2 15 27 2 21 8 13 13 14 4 26 5 28 13
 19 17 10 7 14 23 25 1 23 1 8 23 18 12 0 14 18 7 26 0 23 11 29 17 12 0 24 15 15 16 27 9 19 25 25 7 14 27 18 19 23 9 9 2 21 13 29 5 23 14
 5 18 26 10 12 0 18 20 22 0 22 8 17 12 23 6 21 9 3 4 18 0 24 20 3 3 14 27 15 13 30 4 9 6 24 0 17 6 4 1 15 5 18 31 2 0 3 3 21 1
 26 2 30 17 28 23 27 6 23 28 30 2 2 21 4 28 3 29 0 20 1 9 6 29 10 3 11 21 29 10 18 21 19 27 25 21 12 11 8 0 30 8 13 19 13 15 26 5 4 18
 0 30 28 19 4 7 9 6 3 28 30 26 22 25 21 19 27 20 7 13 26 19 0 10 27 8 13 29 30 12 0 8 15 3 19 22 25 6 19 13 4 8 13 18 6 1 30 2 12 8
 7 18 6 1 17 27 2 8 11 28 13 24 30 3 2 29 26 29 28 20 4 5 16 31 9 19 13 16 24 11 24 22 19 28 21 29 26 16 3 17 20 4 30 1 16 30 10 22 7 20
 17 9 22 11 12 7 18 4 11 5 29 11 13 25 10 16 22 8 11 28 17 2 22 2 21 18 21 9 26 2 0 19 13 4 22 18 22 26 16 29 18 27 18 19 2 18 19 6 9 27
 8 30 17 10 11 18 6 6 23 24 30 19 11 14 26 3 6 1 24 8 16 25 29 29 11 28 25 12 9 19 6 27 28 31 19 21 23 23 28 23 11 17 1 0 17 0 4 2 13 28
 23 5 3 11 21 12 25 2 14 9 28 1 20 3 4 31 26 25 5 1 23 24 31 17 31 8 0 21 9 22 14 30 2 15 29 25 0 11 10 11 17 14 4 31 11 24 11 6 31 15
 24 31 25 3 27 31 13 23 18 28 14 0 5 8 14 25 0 14 4 31 20 2 17 14 27 11 19 4 16 20 26 13 31 23 26 5 18 23 8 17 9 18 8 25 12 6 13 31 31 28
 18 3 27 16 24 5 13 14 11 22 17 18 30 18 8 29 17 2 22 18 14 2 14 31 20 10 1 12 15 1 20 27 6 4 17 2 12 10 24 25 22 29 6 9 10 10 0 7 16 29
 17 30 12 12 25 3 19 18 5 7 19 22 21 10 11 24 18 17 18 30 23 8 31 25 3 29 29 2 30 23 16 3 4 19 2 13 21 22 31 15 13 5 0 30 3 21 18 18 31 11
 24 31 17 14 4 4 29 8 27 18 24 28 3 5 4 13 25 11 24 12 1 13 2 23 2 10 26 26 14 9 6 12 12 2 1 15 4 5 20 21 13 29 31 5 15 18 13 22 19 8
 16 13 23 23 22 2 13 21 6 28 8 17 18 8 29 28 2 2 21 26 21 19 2 23 25 31 30 22 7 28 29 27 14 9 26 30 9 0 4 15 17 24 10 9 12 10 16 9 9 24
 28 9 9 15 26 20 7 23 13 2 28 21 26 22 26 0 14 30 27 27 13 7 7 16 13 23 2 12 23 19 23 18 31 5 21 1 19 2 10 14 22 3 16 15 22 27 2 9 31 24
 12 21 20 5 6 17 13 24 10 12 7 1 31 28 25 16 10 5 3 16 9 11 18 24 16 5 23 1 31 16 10 9 22 19 15 0 23 4 31 25 14 30 23 1 11 22 16 8 9 15
 24 27 19 4 28 8 13 29 6 9 29 25 12 7 7 5 7 8 31 18 19 8 7 30 5 13 8 0 6 2 0 26 27 29 24 28 13 9 18 31 31 20 26 30 23 14 13 19 12 27
 17 13 11 25 2 20 28 22 20 9 11 11 6 14 17 4 31 8 13 0 25 30 27 13 15 12 25 7 20 5 27 5 12 16 29 13 14 11 4 20 22 22 28 10 12 21 1 31 16 15
 16 21 15 15 12 13 9 30 2 1 11 25 3 14 27 3 16 19 31 26 25 7 3 10 0 13 21 10 15 11 31 4 20 10 11 16 13 5 21 2 4 15 22 6 27 20 4 11 0 6
 24 26 7 1 18 24 24 16 21 9 0 13 26 24 22 16 23 1 4 2 0 19 29 20 30 19 15 3 11 3 7 10 30 30 15 3 21 5 0 4 20 30 11 11 14 31 26 7 7 7
 31 28 17 21 6 16 8 14 8 5 18 9 24 20 6 27 16 21 24 31 7 13 28 5 21 8 1 11 16 29 13 1 12 4 24 1 30 15 23 22 25 15 8 1 26 10 8 18 16 12
 0 30 15 17 25 2 25 31 11 2 21 30 9 2 6 16 1 31 26 10 24 17 24 18 10 26 24 22 10 28 28 19 30 17 10 22 22 7 26 24 24 30 11 19 31 22 1 0 7 22
 4 16 25 21 4 30 6 1 17 27 14 13 7 19 25 12 23 18 25 14 3 16 19 6 24 27 27 6 15 10 23 29 22 22 6 13 18 3 19 8 12 25 18 0 9 22 8 10 1 21
 18 11 20 16 31 12 16 24 25 8 20 13 0 24 16 17 9 11 8 0 3 0 20 14 29 7 15 7 22 17 14 30 12 23 12 12 13 12 28 1 31 27 16 27 3 28 19 27 14 2
 12 30 12 30 23 28 24 18 21 16 0 15 4 25 0 0 22 14 18 17 17 31 13 5 20 1 17 2 18 14 24 9 17 28 24 1 6 14 21 15 6 9 30 30 1 26 10 11 19 14
 27 3 12 26 17 30 30 16 22 25 13 9 9 18 1 18 26 31 23 10 11 29 25 18 5 0 7 7 13 6 14 1 16 10 30 1 20 27 18 18 13 5 21 5 21 2 8 9 13 23
 28 11 14 25 22 13 8 8 9 25 1 17 19 17 13 10 6 24 9 30 16 26 0 24 2 6 12 28 15 3 20 4 24 15 19 14 1 13 6 13 26 22 27 17 28 2 10 29 31 26
 20 24 6 25 12 11 5 18 16 24 27 7 23 16 20 4 4 25 14 25 30 27 8 27 29 17 24 10 0 6 24 6 2 19 15 13 13 12 11 13 4 23 25 28 14 23 29 11 11 17
 31 0 25 23 8 27 30 9 2 18 16 17 30 9 12 31 3 17 31 17 1 28 10 1 23 13 2 16 21 17 20 24 21 9 11 19 15 9 16 14 5 27 28 21 22 14 30 21 9 3
 22 26 14 21 31 20 24 25 21 18 8 11 1 10 21 11 8 5 14 18 30 16 23 20 5 12 19 3 16 20 15 4 2 9 2 21 4 7 9 2 10 19 23 31 7 18 7 4 16 11
 14 9 1 5 16 18 23 11 21 11 9 28 1 6 23 9 22 2 9 24 29 0 21 28 17 5 25 3 15 1 6 31 7 12 7 13 14 31 1 17 20 19 7 8 29 13 19 24 26 11
 13 11 23 17 12 23 16 11 30 5 22 11 26 11 2 7 15 2 1 9 28 12 28 16 4 6 4 10 2 10 27 2 5 4 7 19 22 22 0 8 24 26 7 6 29 25 7 29 4 7
 18 13 11 12 25 4 19 10 5 3 31 12 2 7 21 19 2 18 9 25 24 18 26 1 25 28 31 13 29 2 20 7 31 8 14 0 26 19 24 31 7 19 10 16 2 4 22 30 17 7
 4 10 15 24 6 25 6 27 27 16 2 6 12 24 20 13 25 14 0 11 7 4 25 29 23 20 17 28 15 2 20 24 2 8 21 19 4 31 3 25 21 11 28 17 4 0 17 24 8 4
 28 14 6 28 22 15 13 25 24 25 26 9 10 18 0 28 12 0 25 28 22 18 0 4 15 16 15 4 5 20 8 25 20 19 8 5 15 28 21 18 5 26 6 18 28 22 25 10 21 8
 15 22 20 9 8 6 6 3 10 21 17 31 14 28 4 18 8 8 15 10 18 0 23 26 4 10 6 8 5 5 17 5 19 19 22 29 6 0 27 20 5 27 17 16 14 26 15 2 25 16
 20 21 14 2 5 7 0 15 28 23 6 7 31 14 25 17 18 12 25 22 27 20 2 25 1 25 22 22 2 27 7 22 28 26 22 8 12 19 4 21 13 2 19 28 13 27 29 24 24 22
 31 15 24 17 20 22 20 12 6 23 22 26 31 6 24 26 13 10 1 12 19 15 22 2 29 15 20 26 3 29 4 14 9 11 25 11 9 30 7 3 24 13 30 5 23 3 16 9 5 31
 6 18 14 26 20 27 13 17 11 26 5 4 20 8 25 23 14 31 15 1 29 28 5 5 16 20 31 10 27 29 11 18 5 20 22 23 16 2 11 30 23 21 30 29 7 11 10 31 7 19
 9 0 7 20 13 14 12 18 23 24 21 21 3 21 2 18 16 4 20 7 12 5 10 28 20 29 21 31 12 23 8 14 8 25 17 3 0 15 5 16 23 25 20 28 9 15 25 4 1 23
 8 2 8 14 21 6 6 22 2 13 29 13 27 29 20 28 2 22 0 18 10 26 13 1 31 29 13 22 19 7 12 6 25 7 19 31 23 18 24 22 2 26 7 11 1 20 1 17 15 19
 20 26 21 26 29 4 22 10 2 3 28 6 2 13 20 23 9 11 28 2 22 17 21 14 2 5 14 1 20 16 17 10 22 10 18 25 22 15 0 12 9 25 1 20 20 3 4 19 16 8
 24 16 3 12 22 2 12 21 14 12 9 31 25 4 29 13 2 12 8 19 12 21 12 14 28 20 6 29 3 22 15 13 1 9 0 30 14 28 21 29 2 22 10 20 8 17 11 6 11 1
 5 7 20 27 31 20 13 29 0 2 31 1 8 13 25 19 28 20 18 4 9 7 17 2 15 1 6 13 15 20 6 7 18 31 3 6 20 29 24 7 29 31 12 25 27 11 31 31 28 4
 14 29 15 2 27 3 8 28 19 20 28 10 16 20 1 31 7 7 27 10 12 22 18 27 23 19 15 18 7 20 8 31 16 13 8 11 24 31 27 22 28 8 14 10 8 22 27 24 12 30
 12 31 30 21 27 11 13 13 28 3 23 8 19 30 13 31 14 23 22 6 12 20 19 26 9 12 4 1 28 31 11 22 13 13 21 13 24 6 27 14 24 3 18 1 5 15 12 20 26 11
 23 5 27 13 8 7 2 5 17 12 6 7 15 30 2 31 16 12 16 27 0 10 13 20 30 2 28 27 19 26 19 6 2 2 29 25 9 24 8 27 6 24 16 18 20 21 20 26 7 21
 20 16 11 2 6 15 2 25 16 6 11 23 11 0 29 8 3 27 22 30 24 31 27 4 21 14 29 30 10 14 6 10 9 31 21 0 6 7 10 30 17 9 18 9 15 0 7 31 27 8
 29 7 0 11 21 30 22 26 8 3 19 12 30 5 11 1 5 4 5 5 11 25 25 0 14 6 15 3 25 18 1 22 7 12 2 2 22 4 1 9 29 28 30 16 2 20 12 1 5 9
 23 25 23 5 20 6 14 16 2 29 17 10 2 13 19 31 16 29 14 10 2 5 4 26 14 29 1 26 13 22 20 13 11 19 9 25 16 21 31 7 24 15 20 29 0 6 29 1 12 14


