# name: B1
# type: matrix
# rows: 50
# columns: 50
 10 15 1 29 19 31 6 28 23 27 25 1 2 30 18 13 13 22 25 27 11 12 28 13 18 11 9 11 12 9 8 14 10 19 2 10 2 15 27 2 21 8 13 13 14 4 26 5 28 13
 15 8 22 29 9 24 14 22 4 21 15 23 24 14 8 19 19 1 7 9 29 10 21 22 28 25 0 23 8 28 22 4 22 6 19 11 2 31 3 28 11 27 22 31 23 13 12 16 7 8
 13 17 16 31 29 11 0 12 15 27 8 14 3 14 17 31 17 22 29 17 0 18 26 25 13 9 13 2 17 31 11 26 15 8 19 2 16 23 11 23 29 0 11 13 31 20 19 2 9 15
 13 3 31 10 7 10 4 11 5 31 19 23 8 6 5 19 19 4 5 26 9 12 17 18 29 15 12 29 28 17 31 2 18 22 11 9 16 14 29 18 4 19 23 12 1 4 10 11 12 12
 12 5 19 10 9 22 31 25 22 3 22 22 20 5 14 29 10 28 31 3 25 1 27 11 30 30 28 29 25 3 10 15 24 20 23 3 21 15 11 19 7 6 1 10 26 22 5 12 5 24
 2 20 12 17 16 0 17 27 9 8 3 26 12 16 16 27 16 4 23 0 20 11 14 31 8 30 31 8 19 11 16 3 16 30 14 23 0 25 21 18 26 2 13 20 11 19 22 24 11 3
 23 12 5 20 1 16 28 12 29 19 29 18 4 31 13 11 8 26 10 15 29 2 1 3 24 27 8 1 23 21 13 6 27 3 13 27 23 15 11 18 25 3 23 26 1 9 19 27 3 31
 12 0 15 23 19 12 0 11 11 16 28 16 15 28 15 10 2 31 4 7 8 16 4 12 9 15 29 21 13 7 21 14 8 15 10 25 19 11 29 27 27 28 3 4 2 31 22 6 7 13
 16 30 6 3 30 3 25 14 10 10 4 24 18 28 4 29 20 23 10 24 3 29 16 4 20 2 19 9 21 23 6 8 0 9 28 15 13 7 10 9 20 6 25 26 12 23 7 26 20 5
 10 7 17 27 22 10 25 26 13 22 9 6 7 29 22 13 3 11 22 17 29 4 3 22 22 26 31 6 22 31 7 17 4 4 4 14 20 6 31 25 15 17 20 28 5 21 4 5 2 8
 29 22 0 13 0 29 3 24 19 2 2 14 12 4 8 22 14 21 27 13 12 15 6 15 18 10 10 25 23 1 19 11 8 16 13 3 20 22 11 12 21 10 13 24 29 11 19 3 9 9
 1 20 26 30 15 30 6 14 14 5 17 30 7 23 30 16 30 12 3 25 23 13 18 14 9 7 16 25 27 12 16 21 19 18 14 15 6 13 14 27 28 30 16 6 12 17 10 17 12 29
 9 19 8 26 20 0 6 0 15 27 29 26 21 22 17 23 13 15 26 0 6 28 29 13 27 19 29 9 7 19 31 29 27 22 3 21 14 27 6 10 22 10 24 21 24 23 13 2 18 12
 20 20 21 15 13 13 14 12 9 16 11 5 31 17 20 6 20 17 24 31 21 30 7 8 7 2 14 4 28 16 14 7 4 6 23 18 2 5 17 9 18 26 2 8 1 23 17 4 31 17
 18 17 9 8 26 10 30 18 3 11 4 23 12 17 24 6 31 18 15 20 2 27 5 7 17 28 26 29 31 14 26 24 15 24 29 3 1 15 13 25 8 21 10 8 6 1 9 5 17 30
 2 30 27 13 12 15 5 19 30 0 27 20 22 11 15 12 4 22 19 4 2 27 11 24 28 30 9 28 31 9 1 23 5 7 4 31 13 20 14 0 10 7 19 16 30 16 5 14 27 12
 29 13 22 27 24 11 6 8 14 30 21 5 15 24 28 13 11 11 25 28 8 13 19 13 24 12 28 29 3 22 19 2 24 26 4 27 16 17 24 11 22 31 25 19 0 15 18 3 5 30
 8 16 7 22 13 1 12 29 4 3 29 6 10 30 9 24 11 22 26 0 30 25 16 20 20 22 7 24 11 16 26 21 7 16 13 2 15 3 20 30 3 1 12 29 31 8 17 20 28 7
 29 12 10 23 2 30 15 4 0 16 28 9 15 4 7 15 9 23 21 1 22 5 17 30 30 0 31 1 4 2 12 15 22 26 18 1 0 31 5 7 11 10 22 19 28 3 15 1 28 24
 23 1 19 26 13 28 0 4 7 6 1 12 7 27 0 23 21 1 21 19 26 0 16 10 0 13 31 8 3 7 3 8 30 8 31 24 14 31 0 22 3 16 28 6 19 30 12 9 4 27
 28 25 18 30 16 10 12 14 31 20 12 7 24 11 24 10 28 7 5 28 30 7 19 26 5 15 27 4 9 30 17 17 2 6 10 25 20 15 2 22 19 6 20 5 20 26 23 19 14 5
 1 1 13 21 29 2 16 14 24 9 11 0 4 30 23 22 5 0 12 24 20 5 6 11 15 22 21 9 18 17 12 8 29 8 27 29 9 28 29 2 24 31 8 22 8 11 27 30 2 8
 24 25 1 18 15 13 12 3 4 17 8 20 25 20 1 13 15 17 29 12 20 22 27 12 7 31 21 16 26 8 18 0 23 25 20 9 5 6 23 6 26 10 6 15 9 29 5 28 17 14
 7 12 5 18 18 13 25 12 18 29 7 16 12 26 2 4 18 6 4 2 23 7 29 11 16 11 9 3 7 2 23 21 10 28 17 28 21 13 5 17 12 17 27 22 0 3 29 24 6 26
 19 24 9 29 3 15 14 6 28 30 11 10 31 6 4 29 12 19 6 3 28 0 25 11 29 18 31 12 2 16 23 26 26 30 1 21 15 7 15 21 0 1 22 2 27 9 26 13 22 23
 19 15 30 29 6 0 21 3 7 14 29 8 31 19 15 24 0 14 20 0 3 3 20 28 7 18 3 4 31 20 8 5 1 29 9 7 28 5 5 9 17 11 13 7 3 22 11 10 11 5
 17 5 13 6 29 21 23 6 18 1 12 5 30 21 0 14 4 30 15 11 4 11 13 21 31 19 10 7 27 12 12 15 16 18 12 22 10 6 7 8 28 2 31 30 11 17 22 22 22 25
 23 18 19 21 20 16 20 24 24 21 26 15 12 7 11 1 17 11 16 7 17 31 21 3 25 21 22 5 31 9 5 22 29 14 7 3 6 5 18 12 20 29 29 25 11 30 6 11 28 12
 1 27 4 20 1 7 26 20 5 23 13 15 11 29 31 20 16 27 23 8 28 5 12 18 31 21 6 7 22 20 18 9 26 11 20 4 6 7 15 20 3 8 7 28 5 1 21 12 24 21
 27 0 3 20 6 26 16 5 12 13 8 24 6 6 20 15 27 15 17 15 17 10 28 18 18 31 6 7 6 6 26 17 18 21 27 2 14 30 24 10 2 26 27 8 24 13 14 26 12 9
 9 27 25 24 29 1 9 31 29 21 23 18 17 0 12 22 16 26 28 10 28 17 19 3 2 13 25 18 31 5 26 31 27 30 28 17 25 19 9 6 12 5 0 10 4 10 24 28 1 11
 15 16 14 8 24 1 19 28 8 18 8 18 13 12 10 9 22 24 9 26 21 25 27 3 2 6 12 28 15 6 27 24 21 29 19 25 17 10 20 20 28 31 11 20 4 14 20 7 20 17
 14 7 6 30 11 16 11 30 1 23 22 8 12 16 22 3 20 15 10 8 9 18 31 28 19 16 17 1 25 8 28 18 11 0 19 28 18 23 7 19 5 22 15 5 12 30 22 30 16 27
 26 8 8 6 11 6 12 23 5 2 26 25 2 22 17 4 7 27 25 21 24 1 13 14 22 4 25 20 24 1 18 10 15 9 29 27 23 3 22 3 9 28 14 15 25 5 11 3 0 20
 15 28 20 24 28 15 24 21 23 14 2 8 29 24 26 4 22 30 2 19 16 30 8 0 23 1 12 11 16 14 5 15 13 18 24 24 18 24 10 4 21 9 24 10 17 24 6 17 0 14
 9 18 7 21 28 7 21 21 4 5 29 29 15 11 1 11 2 4 12 25 10 2 21 25 1 14 13 31 9 10 24 0 2 1 31 3 17 31 20 20 22 5 7 4 10 14 18 29 16 9
 26 8 11 18 17 21 26 18 13 17 5 10 18 12 0 16 26 30 29 8 19 7 22 23 25 27 19 13 11 7 24 1 28 29 8 12 17 21 31 28 20 13 19 16 16 8 26 29 2 15
 28 3 20 13 21 9 7 5 14 0 8 11 13 23 9 31 18 31 26 19 3 7 20 18 14 7 8 7 20 29 2 7 21 5 5 23 17 13 12 19 10 4 6 20 29 14 26 30 30 2
 21 31 5 13 24 12 25 2 2 14 25 5 29 9 19 28 17 3 8 15 9 22 28 8 27 11 3 1 3 16 10 10 29 5 9 19 5 0 31 23 8 5 25 30 24 21 23 20 21 11
 23 23 8 26 28 2 7 13 2 2 27 28 19 27 13 24 17 23 26 8 2 23 23 11 20 11 9 28 20 6 21 22 13 22 6 21 26 14 22 6 24 26 3 23 12 4 5 15 4 26
 5 29 26 22 12 29 10 5 13 25 3 6 25 6 9 8 21 1 19 31 28 19 23 22 16 6 14 12 1 3 14 3 0 7 5 14 27 22 7 4 16 24 24 4 27 14 2 24 12 4
 17 20 23 9 26 0 27 15 25 0 29 9 7 2 24 7 7 20 28 24 8 31 10 26 10 23 2 31 18 15 5 12 15 13 21 8 29 25 18 14 9 1 20 3 4 13 0 18 15 11
 20 3 7 6 4 13 4 12 24 2 28 9 30 21 23 11 22 1 20 3 4 5 7 29 16 31 15 11 27 10 30 11 13 14 17 29 17 20 21 7 25 7 17 20 0 20 23 14 14 8
 11 29 19 20 27 12 10 17 1 21 23 24 2 6 23 1 29 14 5 23 21 13 0 26 9 15 20 18 12 10 28 1 27 9 7 11 14 13 0 2 12 28 21 20 14 17 30 31 9 11
 3 28 15 3 2 14 13 22 17 13 29 25 7 21 19 19 18 4 2 27 28 29 27 30 25 6 25 12 13 5 18 25 24 11 16 15 13 23 4 7 22 3 15 11 8 22 30 23 0 0
 25 11 18 19 23 9 6 11 31 3 23 30 4 21 12 4 31 13 19 1 20 6 10 28 27 24 29 7 14 31 1 10 16 8 27 26 29 25 26 27 2 28 22 12 12 28 17 21 30 21
 6 19 29 27 21 17 0 16 9 15 21 25 9 12 19 5 16 1 24 23 21 18 22 26 1 9 2 26 27 17 17 19 26 24 2 17 30 6 17 21 30 11 16 28 28 23 30 13 26 28
 6 0 3 1 30 17 27 20 16 7 20 16 26 1 6 29 6 20 16 21 8 3 22 16 5 23 21 18 20 23 26 15 22 23 15 27 20 12 20 1 22 6 29 22 21 3 2 16 22 22
 15 1 15 25 12 7 23 6 6 9 1 3 0 3 19 13 9 20 27 20 14 14 15 9 21 24 9 19 26 18 26 10 12 4 19 29 21 12 12 2 17 3 12 25 4 27 8 23 27 13
 27 11 1 19 6 26 31 15 6 17 3 22 31 30 16 2 18 10 10 8 11 17 2 20 23 6 3 31 9 21 16 11 27 25 14 5 16 9 12 29 18 27 18 6 7 21 13 10 13 31


