# name: B10
# type: matrix
# rows: 50
# columns: 50
 10 15 1 29 19 31 6 28 23 27 25 1 2 30 18 13 13 22 25 27 11 12 28 13 18 11 9 11 12 9 8 14 10 19 2 10 2 15 27 2 21 8 13 13 14 4 26 5 28 13
 12 26 29 26 18 17 14 2 30 10 14 22 15 8 20 13 4 24 15 20 8 16 21 29 20 26 3 24 27 30 22 14 11 16 25 23 21 9 8 19 13 31 5 14 8 19 4 17 5 9
 3 20 10 21 7 26 5 24 26 7 2 4 22 2 9 25 22 2 14 13 13 10 18 29 2 28 2 11 9 14 11 31 3 11 4 21 3 16 20 24 30 0 21 7 3 1 26 0 13 15
 27 6 31 30 22 26 22 2 10 27 10 6 10 7 4 2 10 8 9 26 29 4 14 5 6 5 7 15 5 18 19 23 6 27 30 29 28 7 4 22 16 21 27 29 24 17 12 14 29 15
 6 21 4 25 9 31 28 28 29 4 25 9 6 0 21 7 16 29 15 27 15 14 12 8 2 5 25 1 12 9 3 31 23 26 10 12 5 12 15 16 22 15 29 8 9 22 30 9 9 13
 7 3 22 12 30 30 28 10 29 9 28 5 17 15 2 13 24 26 9 0 13 6 23 15 18 22 9 14 22 15 7 6 9 16 12 10 12 25 27 9 15 21 23 20 3 13 3 29 9 3
 17 6 22 18 22 20 18 21 23 8 16 14 4 17 22 3 12 1 20 0 8 12 3 21 13 22 18 4 21 30 1 21 24 2 16 27 17 15 8 31 10 17 10 12 24 16 8 1 0 30
 9 25 0 17 11 16 9 30 28 7 24 9 8 12 21 4 30 29 13 14 5 30 25 16 2 18 22 13 2 29 9 6 5 24 30 12 15 3 7 28 5 20 13 20 26 23 11 7 7 15
 28 16 20 11 13 27 25 4 15 5 6 6 8 31 17 4 22 1 22 5 22 19 14 29 15 20 23 9 31 2 11 16 22 9 2 7 15 1 10 3 21 15 17 10 10 2 17 7 1 2
 12 0 3 25 2 14 26 28 7 25 19 6 10 2 13 4 25 31 26 11 21 21 11 1 24 13 21 4 8 14 29 6 17 8 2 21 19 0 8 25 30 17 8 29 16 19 18 27 10 24
 3 30 9 23 4 12 1 6 25 0 10 29 29 16 28 7 29 24 14 11 10 25 11 8 25 11 14 29 12 13 17 13 26 3 21 1 16 4 0 17 7 21 10 16 2 16 14 28 1 21
 22 5 10 20 14 4 3 14 7 2 15 1 19 7 8 24 1 10 18 27 18 22 4 16 12 27 24 8 22 16 1 23 22 23 8 14 23 9 19 16 21 26 19 30 0 21 31 7 1 8
 6 14 23 23 20 11 17 25 5 18 4 14 9 4 14 17 31 14 7 3 30 22 2 23 15 17 20 7 28 14 31 9 13 28 28 11 23 5 0 24 23 10 23 15 18 20 16 29 13 29
 17 24 18 20 14 4 5 11 19 2 31 5 13 12 22 0 19 12 21 28 17 4 25 3 12 25 23 30 16 0 22 31 30 29 13 12 2 2 6 17 2 5 22 12 23 4 2 8 31 10
 5 12 29 25 3 2 2 21 9 26 9 6 23 16 14 27 6 24 7 21 30 13 3 2 7 27 20 18 6 4 9 10 14 6 15 17 15 30 8 23 15 2 3 30 29 11 8 9 26 4
 29 31 6 1 27 16 11 8 15 11 10 29 28 10 21 19 12 18 0 12 14 9 17 13 17 11 29 15 17 27 7 8 24 5 24 23 18 24 7 18 2 3 26 16 29 1 13 20 2 2
 10 20 1 17 1 14 16 21 10 9 19 8 3 4 8 27 2 18 22 0 9 16 31 27 15 12 30 22 18 0 19 15 11 30 20 31 21 14 8 26 19 31 13 3 21 5 27 27 4 5
 31 10 17 27 31 23 28 2 10 14 20 2 20 3 26 7 30 2 17 0 15 14 3 0 17 30 22 28 23 16 1 23 8 16 7 9 6 16 24 15 12 7 14 5 13 27 28 21 28 16
 9 20 13 0 12 13 17 30 5 11 14 15 19 12 12 16 14 23 2 11 2 1 31 7 6 23 13 0 19 22 28 22 31 11 11 28 21 10 22 25 10 0 10 19 13 5 1 29 24 4
 16 26 20 7 24 19 29 11 7 28 27 11 20 22 1 7 23 27 15 22 30 5 2 3 27 2 10 1 22 22 24 25 21 14 20 8 23 12 2 1 13 19 6 9 16 11 4 30 13 14
 17 11 17 12 23 0 29 6 23 16 14 16 9 26 14 27 20 5 18 28 2 14 19 11 7 6 20 19 15 15 0 27 14 17 20 30 7 5 10 16 4 8 1 4 19 18 6 2 30 10
 12 3 27 3 17 19 0 24 23 27 20 9 23 25 2 6 13 7 14 3 5 15 15 2 22 31 6 30 2 7 7 3 29 2 3 11 9 4 18 21 3 19 0 3 30 24 25 8 29 22
 28 24 14 20 24 10 12 30 9 3 12 30 11 19 23 3 20 31 13 30 19 13 17 23 10 21 11 20 3 19 22 3 1 4 21 12 1 19 25 2 13 30 9 6 30 24 8 5 29 14
 9 31 13 30 12 20 18 9 22 31 28 26 4 14 16 22 9 29 6 27 5 6 19 11 0 4 1 11 27 27 24 15 13 18 21 5 23 2 21 28 29 11 29 3 4 3 27 9 23 8
 8 8 26 30 5 2 19 18 31 11 3 3 15 7 7 16 20 22 26 13 5 21 7 14 13 24 22 29 23 26 29 4 13 9 19 17 13 22 4 25 21 2 3 10 19 23 12 31 5 17
 28 27 30 21 0 2 0 28 20 15 2 5 18 7 19 9 23 8 16 29 12 17 23 21 9 20 8 30 6 3 12 4 27 23 15 24 0 14 5 12 1 18 20 10 17 22 5 8 28 1
 6 15 15 24 27 14 5 26 9 1 5 22 28 17 11 27 24 12 29 17 12 18 21 9 17 12 6 18 28 5 18 14 1 17 3 31 31 3 21 0 20 21 4 15 24 27 1 26 25 28
 6 25 25 15 30 21 6 9 1 7 17 7 8 28 31 14 26 1 25 14 22 11 27 12 21 31 8 23 12 22 3 5 18 3 26 21 24 28 7 11 29 7 13 6 30 11 24 7 30 28
 22 0 14 27 12 1 26 16 7 2 24 29 14 18 4 17 28 16 25 14 14 24 14 9 0 27 4 11 19 6 4 6 0 18 7 24 8 4 27 31 14 22 19 28 26 25 17 6 21 21
 10 8 19 21 17 28 8 29 7 30 23 28 26 31 6 8 20 31 26 1 12 1 0 29 18 8 21 13 6 0 21 3 20 5 12 2 7 5 25 10 26 14 11 0 22 17 19 7 17 6
 30 27 19 18 16 22 3 6 31 26 18 14 26 22 11 3 0 19 19 18 4 12 17 17 17 28 2 0 18 19 28 15 12 23 26 4 10 22 28 31 24 18 10 3 10 12 11 8 27 0
 8 31 30 23 17 29 9 15 12 11 10 19 22 31 18 25 4 15 30 12 4 18 9 16 19 4 1 2 21 26 9 11 20 15 13 30 29 22 25 13 25 12 7 19 28 28 11 17 13 21
 20 28 23 2 13 10 17 21 14 17 1 20 15 4 14 2 16 17 19 30 10 20 20 12 23 3 26 17 12 20 15 12 23 13 15 4 1 10 5 23 28 0 16 7 25 10 16 25 25 24
 25 11 4 18 24 1 8 6 21 26 21 25 4 21 2 12 5 17 3 11 29 16 19 31 4 7 7 19 2 11 26 29 23 22 11 3 23 26 9 1 21 22 23 29 24 28 19 24 21 21
 17 0 14 3 31 7 20 7 17 9 17 30 5 9 15 25 10 15 30 17 10 5 22 22 16 28 12 0 30 23 6 2 2 22 22 24 4 21 25 27 16 3 24 5 13 1 23 19 4 0
 26 17 29 23 2 23 14 29 14 8 24 7 6 26 15 26 17 26 15 17 23 15 24 10 3 29 20 20 28 24 1 18 23 30 24 5 1 15 31 9 24 23 15 6 14 28 6 22 15 2
 1 29 9 30 10 29 8 9 5 27 12 24 13 8 13 3 6 16 23 0 1 31 28 2 8 29 14 14 4 1 2 28 14 9 28 3 0 6 7 31 25 21 31 29 2 13 6 20 10 15
 28 6 27 6 14 9 12 5 27 24 13 21 9 5 13 13 18 14 7 25 3 6 24 18 18 29 31 19 17 26 5 15 4 25 23 7 27 30 28 28 4 19 8 21 1 1 19 21 15 24
 16 27 20 10 16 31 2 7 26 5 26 5 0 3 28 6 5 16 22 5 19 19 14 18 17 21 1 20 26 5 11 10 0 11 12 27 6 18 11 1 14 2 11 22 20 7 13 13 28 21
 16 27 13 12 22 15 4 4 23 22 1 3 20 9 31 9 0 8 19 10 27 13 29 0 16 12 5 11 19 11 0 7 8 18 10 15 9 21 6 8 22 9 16 8 3 10 22 13 31 24
 17 17 22 2 6 18 2 6 15 12 13 0 15 30 6 9 29 10 10 5 10 30 29 6 13 17 26 25 22 6 10 9 3 7 15 6 29 14 20 12 24 6 28 9 9 2 5 29 12 14
 27 30 0 14 20 24 17 8 16 13 17 0 10 9 30 14 31 8 3 10 30 5 27 27 6 24 21 17 0 20 28 29 31 5 4 30 11 20 9 1 1 24 17 17 6 6 12 25 1 19
 30 23 31 2 13 9 15 10 20 16 8 2 1 21 4 29 14 10 3 28 12 6 27 25 13 31 7 9 22 3 11 28 29 13 18 23 3 30 22 10 8 31 14 30 16 23 22 27 29 6
 5 11 6 19 16 7 0 16 11 30 16 8 3 8 26 10 14 28 7 4 22 3 14 15 8 6 22 14 13 2 24 3 6 4 19 12 25 15 8 7 4 3 19 1 6 27 2 23 21 4
 28 7 13 31 26 9 11 1 12 26 22 29 1 12 6 29 16 14 5 4 19 23 14 2 22 19 15 16 12 9 10 29 25 12 30 7 3 6 15 30 6 19 3 13 26 18 15 15 19 7
 30 23 13 29 9 1 25 0 26 31 4 25 8 4 3 9 19 10 29 10 26 9 4 10 9 31 31 25 0 25 10 29 29 18 30 18 11 24 30 20 28 10 6 2 23 25 1 6 24 12
 20 23 6 31 1 14 12 29 6 29 1 24 13 20 21 8 9 17 0 30 0 9 1 3 31 0 16 3 30 21 5 8 22 0 30 18 16 1 26 27 6 28 25 8 0 2 21 18 6 8
 21 3 26 3 28 13 8 11 20 1 4 8 14 14 21 22 17 18 21 8 9 31 17 9 17 23 13 4 30 31 17 9 29 15 10 27 19 10 14 19 23 16 25 23 27 0 17 20 13 12
 12 24 13 22 4 26 14 12 0 14 20 30 13 11 23 24 11 25 23 14 22 13 14 13 29 11 2 11 30 16 18 25 22 2 4 0 16 11 28 20 29 26 5 4 14 7 4 22 21 28
 8 1 17 10 10 24 21 4 4 12 19 14 10 5 23 26 9 11 14 5 15 9 29 20 23 21 22 10 12 3 15 19 13 27 25 20 5 22 22 27 23 6 26 28 11 22 24 7 13 29


