# name: B2
# type: matrix
# rows: 50
# columns: 50
 10 15 1 29 19 31 6 28 23 27 25 1 2 30 18 13 13 22 25 27 11 12 28 13 18 11 9 11 12 9 8 14 10 19 2 10 2 15 27 2 21 8 13 13 14 4 26 5 28 13
 27 16 4 7 17 30 8 19 13 0 13 16 21 8 28 22 29 15 15 16 25 8 11 1 20 14 16 18 3 21 11 19 19 21 15 17 25 17 25 19 8 28 24 28 13 7 3 19 13 31
 14 30 6 1 23 28 23 15 20 27 13 5 15 25 26 4 18 18 1 12 30 25 26 20 4 10 15 21 22 24 31 31 11 10 18 6 24 24 30 12 19 0 10 3 14 22 1 2 16 22
 16 9 9 22 30 2 23 20 30 0 26 19 13 10 16 14 9 8 30 17 29 2 27 3 23 4 30 17 14 25 13 28 6 28 17 31 30 24 14 27 28 30 8 12 9 5 13 12 12 7
 10 0 26 4 28 19 24 8 16 16 25 12 14 30 31 29 8 16 31 5 27 2 20 17 15 11 30 27 3 1 17 15 16 29 0 18 25 1 26 14 21 21 1 19 2 10 3 30 27 27
 12 14 26 15 8 8 22 22 16 30 23 10 3 25 2 3 11 1 4 9 26 2 16 2 14 14 1 26 1 0 12 31 23 28 22 20 5 19 26 2 15 31 3 30 19 28 14 7 15 17
 11 14 9 5 28 26 16 13 25 22 14 14 4 6 26 0 0 10 2 19 31 22 22 8 30 24 11 7 3 0 28 9 6 0 13 23 19 2 4 21 22 5 2 27 7 25 15 18 5 10
 0 15 22 10 29 26 27 19 31 11 11 12 28 15 0 24 2 27 25 7 30 10 10 31 2 30 10 30 20 29 15 30 10 23 17 23 5 31 15 26 17 13 9 24 16 16 12 28 2 7
 23 12 26 15 22 23 30 25 30 15 6 21 10 6 22 24 22 5 28 24 27 19 15 19 11 29 2 0 18 25 9 31 4 20 16 6 31 19 26 7 30 2 15 4 16 25 17 30 13 23
 11 24 24 4 9 1 31 27 11 11 27 15 29 9 17 9 8 28 14 28 16 24 23 10 6 3 4 6 2 4 22 29 14 20 0 19 12 4 19 13 5 22 28 12 10 11 27 21 9 17
 10 11 24 7 0 17 11 20 19 15 1 16 3 5 6 17 0 25 24 24 13 22 4 25 27 29 0 28 3 6 2 13 4 3 2 27 10 28 21 31 28 7 15 12 3 6 5 7 11 30
 30 30 29 20 28 17 5 21 20 16 15 15 29 29 19 20 31 20 16 2 2 4 25 3 10 0 4 5 26 23 24 3 7 1 19 30 17 26 22 20 13 22 2 5 4 8 3 9 30 24
 12 9 7 29 23 12 14 24 20 24 10 31 7 30 25 0 19 31 10 6 9 20 12 5 2 23 23 27 30 19 27 22 27 3 6 8 30 6 14 0 11 8 27 22 17 1 18 23 1 9
 26 1 2 8 25 5 26 12 18 23 10 3 30 16 19 0 10 4 1 6 22 2 22 0 18 27 11 25 14 22 25 17 2 26 6 28 12 5 6 22 12 11 0 22 5 2 0 28 25 12
 2 22 20 6 30 20 1 4 18 25 3 26 4 26 30 17 17 8 11 1 12 12 13 17 25 7 31 0 25 15 28 8 14 1 31 26 26 21 17 0 12 13 22 12 8 27 14 31 6 28
 30 13 31 10 21 4 18 9 8 7 15 15 9 21 4 13 19 7 3 14 2 20 31 27 18 5 27 6 3 19 10 0 21 10 10 0 11 5 26 10 10 26 8 29 28 18 12 31 26 14
 19 8 14 7 7 3 2 20 19 22 27 3 1 1 14 18 24 26 26 30 13 30 11 31 5 9 25 18 19 7 28 22 31 31 11 4 9 12 16 22 18 11 17 13 11 29 9 10 16 24
 3 22 6 30 28 25 30 17 7 26 1 3 1 4 17 12 6 12 0 20 28 2 1 6 31 23 2 3 27 6 5 16 14 9 11 15 25 14 20 3 3 28 3 5 9 12 18 9 16 20
 25 7 5 1 10 29 28 25 13 22 2 9 29 12 28 17 19 21 30 2 16 18 18 14 5 15 14 22 4 5 0 7 27 31 10 0 9 4 13 20 26 23 16 24 28 15 10 11 2 30
 3 7 8 20 6 29 8 29 22 2 17 14 4 16 26 16 18 3 13 20 10 16 24 11 1 8 16 8 29 27 24 6 0 7 18 23 9 26 15 3 12 22 12 16 22 23 12 18 8 17
 4 0 20 21 16 5 12 11 3 10 17 15 19 5 24 18 9 8 18 16 30 4 17 28 20 13 29 20 23 31 24 16 8 27 30 19 8 11 20 19 2 14 6 23 21 28 29 30 0 2
 31 7 18 10 27 21 22 14 28 7 17 4 29 11 31 29 20 4 14 16 3 18 13 12 25 3 4 3 16 10 24 19 9 16 2 12 30 15 10 10 6 27 8 9 24 12 13 18 25 30
 17 23 28 26 19 3 15 26 4 15 3 28 20 25 24 29 25 16 14 15 7 13 13 20 9 25 11 12 23 30 27 12 5 8 15 8 21 27 14 7 9 14 28 18 1 25 31 8 23 30
 2 8 29 30 6 5 5 16 26 5 21 12 17 30 3 10 30 21 16 19 14 1 14 5 8 7 31 20 2 30 23 28 16 31 31 26 3 25 2 23 4 2 26 12 14 6 30 13 11 16
 6 4 8 8 22 30 18 10 10 13 24 14 9 0 23 7 3 9 30 22 19 17 29 10 30 20 30 31 14 7 5 27 30 14 21 29 1 26 9 1 8 20 28 24 4 0 14 25 28 3
 5 23 3 29 31 8 12 2 21 23 8 2 15 17 24 19 3 14 15 29 13 18 26 20 19 25 23 12 7 6 26 31 11 19 0 23 30 31 26 17 15 31 30 11 6 5 16 21 15 18
 8 25 3 0 9 20 19 8 26 30 20 20 15 12 26 3 7 23 26 17 3 24 6 19 30 30 1 30 22 26 2 29 9 10 25 20 12 31 0 22 13 12 25 13 7 8 4 4 12 18
 5 18 8 6 4 30 7 25 18 17 31 22 9 28 1 20 30 3 26 0 20 6 8 26 20 30 10 23 29 13 29 10 21 27 9 8 18 3 23 31 24 22 19 2 18 30 20 9 0 29
 27 9 6 24 9 13 28 0 17 25 7 6 14 13 4 12 20 10 7 26 3 17 6 28 1 1 30 19 1 16 12 23 29 22 26 29 30 23 22 6 31 7 11 24 19 21 17 31 28 14
 25 30 26 30 30 26 6 11 6 17 13 21 21 29 31 13 30 14 31 24 1 23 7 14 8 20 28 10 19 14 2 8 16 11 1 0 7 8 17 2 28 27 17 10 30 3 16 30 10 16
 8 31 11 16 12 21 31 5 25 8 18 5 4 19 11 25 6 26 12 14 20 10 12 14 22 14 29 14 14 3 25 28 15 5 18 0 30 9 14 7 22 20 1 22 18 17 26 24 14 20
 4 8 27 6 1 20 2 7 7 13 8 30 0 9 19 10 2 25 13 28 22 3 3 26 5 26 27 29 22 8 25 17 21 21 18 12 29 11 14 23 25 13 24 13 28 27 29 2 20 13
 25 15 15 28 10 22 9 29 1 7 27 29 15 22 6 31 24 19 27 8 12 1 5 28 12 0 28 14 5 15 30 31 29 14 14 0 8 0 25 22 8 8 24 30 31 25 2 31 29 24
 1 29 0 20 4 12 12 25 30 9 0 11 12 0 21 9 20 27 24 12 4 9 27 31 10 14 28 21 15 9 15 9 18 20 20 9 9 19 1 25 25 26 0 7 22 22 22 28 2 20
 22 31 30 24 23 4 11 25 17 0 9 14 18 14 17 15 6 31 27 24 15 24 28 27 2 11 6 3 20 26 2 29 3 28 12 3 26 31 20 19 20 17 29 18 16 8 30 8 8 26
 27 4 20 21 22 15 23 17 30 1 9 2 22 17 26 19 14 4 23 24 8 3 11 27 30 9 29 24 9 8 23 2 12 6 18 8 21 26 8 26 9 31 13 0 0 2 19 9 21 26
 16 19 3 23 31 3 29 14 10 27 17 2 30 11 21 7 16 24 5 8 11 1 6 5 17 3 25 10 25 25 20 31 0 27 31 28 19 17 3 7 22 10 24 2 8 23 27 21 4 31
 9 7 10 2 20 8 26 29 4 7 8 16 16 4 28 12 28 1 9 11 31 22 19 7 11 0 11 31 14 22 23 1 30 8 21 28 8 21 8 10 11 14 19 10 27 18 11 0 27 30
 7 29 9 18 28 9 2 12 26 21 2 24 13 16 8 18 24 2 20 11 25 20 28 2 23 24 9 5 15 9 5 17 3 15 2 3 13 13 2 17 25 0 28 0 15 21 0 15 21 17
 14 12 28 20 12 30 30 27 12 21 0 7 28 14 25 28 1 28 20 5 18 12 11 3 20 26 14 25 29 30 25 0 2 4 29 22 1 1 25 9 22 9 12 26 26 12 27 26 17 11
 8 26 16 1 13 22 23 30 6 2 21 13 12 21 19 29 26 27 13 8 14 7 6 29 18 22 19 7 10 13 24 13 20 6 16 23 5 13 14 1 28 30 9 24 13 22 13 23 13 17
 24 28 18 12 17 5 12 17 20 11 8 26 9 28 26 17 19 4 21 12 2 3 1 25 10 6 22 25 23 24 27 19 12 18 23 9 6 23 18 21 21 22 10 29 9 12 24 13 0 29
 11 2 28 25 7 30 17 1 27 31 11 13 17 10 12 19 19 25 17 23 14 8 27 0 16 16 7 24 1 25 25 11 3 26 4 31 21 9 29 8 19 7 4 19 31 1 13 0 6 20
 12 29 28 22 4 9 6 8 9 1 31 19 10 15 28 27 17 0 31 6 29 11 19 13 20 19 27 26 4 23 23 1 20 28 28 26 23 23 13 23 16 22 12 2 16 7 19 11 11 16
 18 23 2 4 28 20 30 2 23 31 14 7 11 27 5 0 26 5 9 21 30 6 1 25 27 12 2 29 5 9 11 14 21 20 29 31 5 29 24 21 17 27 3 29 1 9 16 20 16 9
 28 13 6 3 13 18 28 15 31 3 17 0 25 25 22 19 13 29 5 5 29 6 6 15 18 13 9 11 10 14 19 1 4 5 4 5 17 1 31 5 31 4 15 11 5 0 8 27 15 16
 20 4 23 6 13 26 0 26 18 28 23 14 27 16 4 29 17 17 14 3 0 8 21 22 8 27 23 10 16 10 10 27 26 11 7 25 26 2 31 29 13 11 30 29 31 30 5 17 28 20
 17 2 7 12 4 31 8 14 14 12 10 25 16 17 17 28 29 7 13 25 14 24 31 29 3 16 7 13 0 2 1 24 12 0 18 28 7 0 27 31 1 1 4 6 9 17 14 8 10 25
 15 19 18 9 2 19 20 17 25 0 19 16 20 24 31 27 13 0 26 22 17 26 17 18 17 22 26 26 2 18 21 22 22 26 25 20 19 9 2 28 15 10 4 25 16 22 24 11 14 2
 11 2 2 26 31 9 20 22 22 28 29 6 3 30 10 22 18 29 0 3 8 14 9 12 13 4 2 31 11 9 11 12 27 9 16 31 0 2 2 13 28 4 8 2 6 16 13 28 2 1


