# name: B3
# type: matrix
# rows: 50
# columns: 50
 10 15 1 29 19 31 6 28 23 27 25 1 2 30 18 13 13 22 25 27 11 12 28 13 18 11 9 11 12 9 8 14 10 19 2 10 2 15 27 2 21 8 13 13 14 4 26 5 28 13
 7 19 7 7 4 7 6 3 0 25 22 0 7 2 0 5 14 22 24 19 15 6 17 14 10 26 16 25 21 10 3 11 25 14 15 27 13 17 10 12 12 0 12 4 8 16 17 8 0 31
 23 11 8 24 29 24 16 15 2 24 16 6 26 3 15 2 14 13 0 22 3 31 31 24 7 7 29 19 22 3 17 12 27 6 25 8 17 1 27 17 15 6 15 3 0 20 17 3 19 29
 8 24 12 13 14 5 4 30 4 11 7 25 23 4 23 29 4 26 2 3 12 15 17 26 17 27 30 17 22 15 18 31 2 2 27 6 2 11 1 26 4 9 20 17 6 14 5 15 9 0
 7 0 12 30 28 9 23 30 28 16 31 0 10 26 2 21 23 5 19 22 11 28 22 6 17 22 27 26 3 14 31 1 5 25 17 31 27 19 7 13 14 7 1 18 25 0 14 18 26 31
 0 13 24 24 21 7 9 31 3 4 12 2 18 29 11 20 13 2 18 0 4 25 7 15 18 18 17 24 0 27 14 9 10 15 6 2 21 19 29 23 0 15 3 7 7 28 16 24 25 25
 19 24 9 9 11 6 3 20 19 0 28 0 2 23 0 7 24 19 17 29 4 13 7 3 1 28 5 14 15 30 20 16 10 18 6 5 1 27 24 0 0 27 4 5 8 17 29 25 3 28
 3 19 4 17 16 19 5 3 28 6 15 5 1 24 3 31 23 8 11 3 21 21 18 24 15 30 15 3 13 17 26 15 8 25 30 4 10 11 24 15 20 8 13 26 27 1 9 24 7 13
 26 9 18 16 18 10 8 17 21 26 21 5 23 31 27 18 4 11 17 28 28 14 5 22 19 16 7 0 17 8 16 11 20 22 17 20 6 17 6 19 26 10 25 25 15 29 6 21 9 12
 3 9 2 13 26 14 3 25 16 21 12 23 16 28 12 6 28 9 24 14 21 8 9 15 17 30 18 10 26 0 28 17 29 24 11 6 29 6 19 0 21 28 23 4 5 31 17 21 0 26
 11 14 24 21 17 1 21 17 31 26 30 12 12 0 4 31 1 28 16 8 23 23 21 6 14 17 27 3 23 0 21 6 1 9 4 22 1 13 4 27 30 21 16 0 8 22 23 30 9 0
 5 22 15 20 18 16 19 19 0 13 20 28 17 12 15 9 26 16 17 7 29 0 30 3 21 12 6 2 25 21 25 23 17 26 21 5 19 3 10 20 24 21 29 6 16 8 25 18 11 0
 2 22 8 20 25 15 23 13 26 18 28 5 11 21 26 8 0 11 11 10 16 27 15 13 13 21 9 16 13 23 29 25 12 16 31 27 0 23 29 4 5 30 5 13 10 31 6 12 20 16
 20 15 23 5 23 15 31 8 17 1 3 2 19 21 20 28 16 8 29 22 19 24 20 16 26 16 1 29 21 31 11 18 26 9 1 27 1 24 21 3 4 4 14 28 14 0 19 12 31 7
 28 6 26 26 7 3 8 0 16 19 23 29 4 18 18 25 22 15 9 8 2 28 18 11 4 22 16 20 13 12 11 9 22 30 31 15 8 29 10 23 14 17 6 29 1 2 25 20 24 28
 18 2 0 16 16 25 27 6 11 7 6 1 16 28 2 27 12 18 10 20 28 4 2 12 19 4 16 4 1 21 30 11 21 4 28 9 2 0 13 20 23 19 8 12 7 28 6 5 21 21
 25 22 19 30 25 8 0 14 26 15 30 14 19 15 1 18 30 11 17 13 10 28 4 12 16 17 3 14 23 15 1 26 13 24 20 27 4 0 0 15 8 6 27 24 17 3 10 6 26 25
 12 10 8 14 4 25 31 8 0 1 25 25 3 0 4 14 23 29 15 23 8 5 5 23 17 6 14 7 5 20 2 14 8 22 3 0 29 2 19 23 24 26 15 30 21 3 19 24 0 20
 31 7 4 23 5 7 19 10 17 10 31 31 7 1 28 13 4 20 29 1 16 27 5 28 27 16 19 30 4 25 5 22 24 5 10 5 16 3 19 10 24 14 30 10 27 20 1 6 18 2
 4 17 24 10 16 14 1 11 8 3 13 6 19 9 26 28 18 16 23 13 30 25 28 17 5 15 18 23 24 23 4 28 9 0 24 15 25 27 12 22 22 25 23 12 5 28 2 29 15 4
 23 16 28 24 0 7 3 24 16 14 12 22 25 3 24 11 19 3 0 31 1 4 3 1 24 9 5 24 25 28 7 3 11 21 30 25 22 4 31 10 2 21 6 25 5 7 14 13 13 18
 3 3 17 17 7 1 8 12 28 17 24 16 27 31 2 15 5 2 12 20 7 16 30 23 3 27 4 22 5 18 0 10 22 22 27 28 17 2 14 7 29 11 20 11 1 3 18 20 25 21
 12 11 18 20 8 7 29 11 13 10 12 10 9 31 24 20 4 16 18 20 25 0 10 14 16 13 8 8 18 11 21 26 26 23 13 0 5 18 16 23 17 28 21 23 7 15 26 22 5 11
 5 11 21 18 17 27 30 26 26 1 13 27 27 10 24 28 5 3 15 29 12 30 24 16 7 1 24 22 17 23 18 6 1 8 24 19 17 30 14 8 17 27 0 25 13 28 16 15 22 17
 20 11 18 14 21 15 17 6 4 0 22 11 1 13 25 24 1 8 23 31 31 11 11 20 22 24 31 31 9 15 29 18 27 5 31 16 8 5 9 17 13 24 5 24 17 21 15 14 1 14
 24 19 12 5 25 31 27 10 30 10 23 28 14 7 12 27 11 4 30 7 24 2 27 15 22 11 1 3 7 23 9 28 19 20 14 25 12 23 1 5 5 27 7 22 9 24 8 19 3 19
 8 18 18 16 17 9 22 10 10 23 14 23 27 31 8 5 23 11 6 7 9 7 21 4 3 12 4 4 26 6 19 0 12 12 28 24 12 1 19 0 24 4 30 19 30 14 5 11 22 29
 9 3 19 16 25 20 6 22 26 29 28 3 19 1 15 29 0 8 14 27 31 11 23 17 18 10 7 9 21 16 9 31 22 16 2 3 31 9 13 24 15 11 13 27 12 2 2 5 24 23
 21 23 5 18 29 6 12 15 1 23 31 31 1 21 16 1 23 14 1 1 18 24 4 1 6 27 2 17 13 11 28 10 1 13 22 24 2 6 14 23 18 8 31 31 29 2 29 27 13 30
 14 26 14 4 29 12 16 0 6 16 16 4 29 18 2 9 31 28 28 9 14 0 31 27 16 10 11 25 28 7 15 18 7 10 16 21 10 4 23 31 5 22 9 29 3 1 28 4 12 14
 8 29 7 4 13 22 11 20 18 20 20 0 13 7 11 6 25 15 4 25 24 15 2 27 27 24 2 27 10 17 10 19 20 17 17 21 10 25 26 1 13 26 16 28 26 11 1 7 1 14
 28 11 21 13 7 3 13 16 23 5 17 30 7 24 1 22 27 4 4 26 21 25 15 22 8 9 3 6 10 1 12 3 6 9 28 28 23 4 20 1 6 26 27 0 6 11 8 8 10 30
 7 27 21 7 23 11 11 4 31 27 17 3 9 6 12 8 10 26 31 0 7 7 8 30 24 21 20 8 13 13 11 4 18 17 15 15 11 14 10 19 6 0 11 26 4 31 3 2 2 7
 30 20 17 29 11 15 3 6 8 5 26 30 29 18 24 21 20 3 9 16 17 11 2 25 28 2 29 4 26 26 7 17 15 16 15 27 25 14 9 23 5 19 20 8 1 15 4 31 14 25
 25 0 20 6 31 1 12 15 26 16 9 27 24 31 3 12 10 31 5 8 3 29 25 25 8 3 23 22 0 18 26 13 2 31 27 12 3 10 10 28 14 28 21 2 21 27 26 12 17 30
 19 6 0 20 5 8 5 7 5 13 6 24 28 6 19 17 4 28 27 17 18 15 23 19 17 15 29 25 6 3 20 21 17 0 13 6 13 3 2 24 30 26 17 10 7 4 16 13 2 31
 31 20 23 23 11 23 9 30 28 9 12 11 15 14 15 14 19 1 8 25 27 7 15 12 7 27 17 11 4 31 11 13 24 21 4 22 7 21 26 23 15 14 24 8 6 6 29 18 19 30
 19 18 9 25 21 11 16 9 12 1 16 19 14 10 4 6 22 8 25 1 15 22 3 22 26 0 2 17 2 14 11 12 1 7 7 20 13 11 9 19 13 22 7 29 22 9 8 16 2 7
 21 2 25 15 31 13 31 5 17 12 18 0 9 11 9 12 18 25 27 2 12 6 13 4 29 5 28 4 22 17 23 27 18 23 0 8 15 27 5 26 23 24 18 17 16 1 12 26 15 23
 31 10 21 12 3 18 2 26 17 24 28 26 30 5 17 24 9 29 30 22 12 10 8 13 0 12 12 21 31 20 1 24 6 20 16 10 6 8 7 26 30 9 26 16 23 22 20 21 8 9
 1 0 24 5 20 9 15 8 23 27 10 4 8 31 7 2 0 19 16 26 24 24 12 2 29 26 19 10 24 20 17 11 19 12 1 15 30 24 5 6 26 6 4 13 8 7 19 6 3 5
 0 22 1 10 25 27 13 15 9 5 3 14 30 4 17 19 31 14 12 5 11 3 21 14 4 28 13 24 24 29 10 2 2 22 27 22 30 2 1 3 15 9 1 31 21 2 26 9 8 15
 31 5 15 12 8 13 12 3 5 18 23 27 18 22 6 20 12 20 13 9 19 4 21 19 31 26 7 1 28 3 15 21 4 15 13 30 15 6 5 15 24 20 23 25 16 6 21 19 21 21
 23 27 5 2 28 20 4 25 20 25 23 4 17 31 20 28 16 5 9 9 3 1 29 4 14 12 22 14 8 23 21 2 22 19 5 13 28 30 4 16 10 31 3 31 14 21 20 27 7 26
 27 4 10 4 23 31 20 28 19 27 13 24 19 7 8 19 17 16 16 27 5 10 15 17 30 0 8 13 10 30 2 9 12 12 20 14 19 18 14 3 26 21 17 24 21 15 28 30 14 23
 7 1 21 2 30 8 21 10 26 15 1 10 3 12 5 0 11 19 2 10 6 15 23 11 12 29 16 15 10 14 20 13 31 16 13 26 11 11 20 21 11 29 18 13 23 23 19 17 8 19
 29 10 9 30 16 10 27 21 26 11 14 8 11 18 20 11 6 28 21 6 0 21 6 20 11 28 14 28 19 7 22 7 19 22 15 7 21 21 19 7 27 18 14 30 12 11 24 2 28 26
 14 26 7 0 1 16 18 19 18 19 22 10 6 12 17 14 5 8 1 26 13 7 1 29 16 3 28 17 21 16 3 10 16 30 14 26 4 4 1 9 19 29 20 30 13 8 2 18 4 10
 22 7 10 5 30 24 19 9 14 8 16 30 9 29 15 4 6 30 19 26 18 24 18 17 12 28 15 30 24 21 4 21 31 14 14 21 14 3 28 4 6 27 3 14 30 29 12 31 13 12
 23 31 16 5 18 28 2 16 13 30 24 12 19 28 8 1 22 29 14 24 7 1 4 9 26 29 2 2 15 16 25 4 22 31 12 29 24 30 31 29 30 13 27 12 24 7 14 8 31 29


