# name: B4
# type: matrix
# rows: 50
# columns: 50
 10 15 1 29 19 31 6 28 23 27 25 1 2 30 18 13 13 22 25 27 11 12 28 13 18 11 9 11 12 9 8 14 10 19 2 10 2 15 27 2 21 8 13 13 14 4 26 5 28 13
 18 18 4 1 27 3 15 21 30 22 13 8 3 5 19 31 14 0 18 31 17 9 30 1 10 31 14 19 8 20 21 2 15 20 23 31 0 10 25 27 0 11 29 13 9 20 13 4 12 8
 16 30 31 17 27 15 12 3 30 24 27 4 28 8 14 2 30 0 6 15 15 27 13 19 5 5 11 4 23 24 7 13 16 7 17 31 15 5 6 18 30 5 14 21 25 31 25 8 1 1
 23 19 15 10 17 7 9 16 19 17 2 16 3 28 12 5 9 11 4 31 1 14 5 5 0 19 12 29 2 0 14 18 29 21 24 24 1 8 3 25 11 23 31 30 27 28 22 16 7 3
 8 16 29 11 14 17 23 14 14 15 18 3 21 13 20 0 6 6 13 31 6 0 28 25 12 6 5 15 20 15 21 22 5 6 24 1 21 11 1 10 15 31 19 7 4 23 12 27 9 11
 11 11 15 6 20 24 14 3 2 3 30 12 6 24 9 11 29 28 11 15 8 19 13 3 30 26 3 2 2 16 30 6 15 20 19 8 2 3 9 22 19 27 1 31 4 15 2 25 14 2
 28 18 19 29 28 25 18 11 21 1 1 0 21 27 21 14 9 28 15 22 28 26 28 27 26 5 23 22 20 16 16 27 23 4 10 6 11 4 31 28 18 14 20 23 9 17 1 26 12 18
 15 3 22 1 18 10 16 17 24 11 16 4 17 6 27 7 19 6 30 13 12 2 27 26 22 31 16 10 7 26 5 20 14 13 1 16 28 9 28 9 4 13 0 23 14 25 2 0 2 12
 3 21 3 12 26 0 16 0 28 10 16 31 6 4 4 1 13 22 5 1 30 0 13 11 13 20 14 12 4 13 16 27 2 16 16 13 11 2 18 10 15 28 0 27 30 12 29 14 15 31
 23 25 16 29 27 20 9 12 5 8 27 5 21 18 10 27 10 19 12 19 23 16 24 1 10 28 8 22 19 2 24 13 25 0 8 2 14 14 23 13 18 17 19 25 7 11 28 22 19 0
 17 11 6 15 3 10 0 0 24 16 26 8 19 12 24 13 26 18 31 28 20 31 23 17 16 15 2 21 4 8 11 28 21 23 20 10 5 30 17 17 22 8 24 14 27 25 15 13 29 8
 31 29 29 19 13 18 26 31 15 14 17 17 2 4 7 29 6 28 26 12 1 23 23 31 22 30 30 31 7 7 30 17 2 7 30 24 9 19 4 26 22 11 26 7 10 29 11 15 20 7
 19 23 7 15 11 14 2 29 22 8 30 18 6 31 10 26 25 25 7 0 0 26 8 20 15 18 22 1 18 22 14 0 16 21 11 7 28 8 20 8 18 16 0 29 24 24 10 23 3 23
 2 6 23 7 19 16 9 23 4 20 21 13 4 25 25 4 13 23 26 2 20 15 13 24 14 2 24 3 3 7 2 2 27 27 4 6 11 23 29 11 30 27 17 24 13 28 1 11 5 23
 26 19 5 22 29 16 23 15 30 4 25 15 6 14 16 1 21 0 2 5 6 24 16 6 14 8 15 7 27 11 29 31 26 22 21 15 29 22 21 23 10 9 4 11 20 7 25 31 20 31
 11 22 21 11 31 22 30 29 22 6 14 3 5 17 27 1 16 6 19 20 13 30 30 26 12 19 9 31 11 18 27 0 29 12 22 18 2 13 13 28 29 23 16 26 25 27 27 30 26 2
 2 11 6 0 29 8 25 7 9 25 15 21 3 23 8 28 25 17 2 13 28 24 30 30 21 9 7 27 28 20 16 31 21 28 15 1 10 2 8 21 16 23 4 28 15 14 27 1 26 14
 22 12 4 5 3 29 30 3 19 22 20 5 22 24 29 18 20 22 5 22 2 9 20 28 20 25 29 18 29 14 29 30 30 3 1 13 26 17 23 10 3 23 16 0 25 8 3 31 7 23
 10 11 27 9 3 27 8 10 17 15 12 27 20 7 2 31 19 27 16 17 24 28 25 0 13 23 26 28 29 15 31 29 15 1 21 19 17 20 19 4 8 8 28 15 12 14 15 7 18 21
 26 3 10 31 15 19 30 8 1 20 25 9 5 7 21 11 24 28 20 5 3 5 22 17 14 15 28 16 24 3 20 2 2 2 24 23 6 31 10 24 16 24 11 30 25 28 16 10 27 10
 13 26 31 13 4 15 22 26 10 29 18 20 24 3 15 18 12 6 28 16 15 8 1 31 12 8 21 18 26 9 26 6 28 2 14 9 11 15 1 3 2 12 0 19 24 24 6 24 29 30
 28 20 20 28 19 7 7 30 24 13 23 20 8 31 8 11 9 19 29 15 2 24 20 11 26 12 1 12 17 16 9 7 10 25 3 15 2 29 16 8 30 4 23 24 6 1 12 7 26 18
 0 27 17 23 25 1 18 10 29 11 31 29 13 28 20 10 3 16 9 11 2 6 18 25 9 13 8 16 16 2 0 17 27 20 27 31 10 9 23 30 9 8 20 9 18 29 13 31 28 17
 29 21 28 4 8 30 29 9 21 27 27 5 30 12 30 7 11 7 16 6 26 20 13 21 13 2 1 27 13 3 15 2 16 3 9 29 29 7 0 10 25 7 27 23 4 26 16 15 23 19
 31 28 16 17 24 30 6 1 29 21 12 9 9 9 14 18 9 3 21 2 2 6 23 19 2 8 7 28 11 11 26 6 10 14 10 27 0 21 31 26 9 17 24 31 6 8 14 13 4 11
 10 0 15 14 31 24 25 31 15 31 18 11 30 28 23 8 0 7 13 30 20 28 1 7 5 8 23 7 28 9 12 14 27 24 3 21 5 23 18 21 1 30 25 14 14 31 24 15 24 14
 14 29 8 2 1 11 28 11 24 0 2 6 20 9 1 18 2 14 0 19 21 31 31 23 8 30 7 18 24 2 1 27 1 10 15 18 16 0 2 31 3 17 22 2 6 16 24 26 20 16
 23 2 16 28 7 7 7 17 23 6 9 20 16 24 19 29 5 12 11 26 14 29 10 3 9 13 21 12 21 23 9 10 9 14 16 29 8 1 30 9 2 1 27 11 6 25 26 29 6 15
 11 0 14 12 4 3 28 10 2 5 26 14 25 12 21 0 31 19 29 21 4 27 9 22 29 16 7 0 28 29 16 11 10 1 24 29 8 12 26 7 11 4 23 10 22 6 4 2 26 8
 22 12 16 21 13 28 30 13 0 20 9 16 0 28 23 9 19 0 4 6 3 2 5 18 15 24 10 0 28 16 19 0 26 2 16 28 23 25 4 14 4 28 12 22 31 15 2 31 9 24
 3 25 18 4 21 17 6 19 19 13 27 12 14 24 10 11 27 31 3 15 20 5 31 20 8 22 28 12 18 11 22 21 20 15 26 9 17 9 8 8 0 31 25 18 5 31 0 29 14 25
 13 25 26 1 1 28 12 4 24 9 30 15 10 22 7 23 10 13 24 7 9 2 7 14 8 9 31 24 5 21 26 25 7 9 14 10 14 21 19 25 17 7 3 9 8 5 13 7 17 7
 30 21 7 14 17 2 18 16 10 1 30 17 24 20 26 3 21 28 24 27 22 23 12 24 12 12 2 10 7 31 11 0 9 19 16 23 17 30 24 13 10 12 10 0 5 23 31 30 14 28
 15 28 24 2 11 9 15 21 9 17 20 0 9 25 1 2 11 7 25 6 18 5 22 9 22 8 14 13 30 5 25 11 4 12 27 26 10 27 14 16 10 11 16 12 10 3 15 30 7 23
 5 24 4 8 2 6 14 5 10 22 27 12 2 30 30 12 1 22 0 18 20 24 16 13 8 28 27 7 6 29 16 9 8 28 24 17 23 7 15 22 10 23 0 28 23 28 25 23 4 22
 22 29 16 12 27 14 6 9 30 17 13 10 0 2 7 14 1 2 18 18 31 16 4 0 22 11 9 9 15 8 15 14 7 13 7 21 1 12 20 8 28 18 26 15 15 6 27 25 19 15
 25 9 23 10 3 19 1 29 1 8 21 17 25 24 9 29 26 28 20 9 13 24 1 15 10 13 29 7 9 12 10 4 6 11 15 21 24 27 27 22 26 16 5 20 17 23 20 16 20 7
 28 13 4 24 9 17 5 22 2 4 19 11 2 27 31 26 27 22 17 16 30 7 31 10 7 6 11 31 9 5 15 4 7 6 26 4 11 11 28 18 31 27 9 16 25 20 24 29 13 11
 22 7 15 8 29 6 29 15 0 6 25 29 3 28 17 14 17 22 30 17 22 28 11 0 15 17 8 14 9 31 17 22 20 30 8 17 11 26 7 2 4 30 29 18 30 21 4 23 3 13
 7 18 8 18 17 21 0 16 15 0 18 15 27 22 20 16 17 9 26 4 7 1 27 3 5 30 31 6 4 17 9 8 31 31 29 12 26 14 9 21 28 27 11 18 12 23 4 20 12 31
 14 16 18 20 12 0 22 13 16 14 3 20 0 20 15 16 2 6 24 9 4 23 6 19 1 10 19 3 26 13 0 4 3 18 0 14 2 9 12 9 5 22 0 7 3 13 31 18 20 11
 23 9 24 2 28 22 16 24 18 23 29 31 25 19 26 31 19 24 31 10 6 0 26 26 19 21 18 0 14 3 18 18 15 16 6 30 19 25 6 16 26 30 1 4 20 22 24 12 14 5
 0 26 18 31 18 15 14 18 6 21 11 27 30 12 10 25 5 24 10 3 15 22 31 24 22 14 30 11 23 31 26 27 9 4 18 4 29 19 9 10 18 24 4 31 6 5 0 22 31 17
 28 1 30 10 27 30 8 30 4 30 27 17 12 25 8 21 2 4 27 24 18 9 3 10 28 21 4 5 2 26 4 20 12 6 1 17 0 4 1 22 22 30 8 8 23 30 12 3 31 22
 16 3 24 14 29 13 7 18 11 19 14 17 18 1 26 17 13 20 7 2 9 19 8 21 30 11 23 3 16 4 26 22 1 31 25 25 5 6 16 10 28 11 15 10 6 30 19 10 25 27
 14 15 16 31 12 0 7 27 10 1 23 11 6 5 4 26 14 22 9 28 22 6 28 3 4 26 24 31 5 21 30 14 10 31 14 17 12 23 9 25 7 21 24 2 4 17 20 18 14 24
 15 27 18 29 21 11 10 1 10 14 18 21 23 20 10 29 18 13 13 27 3 12 28 29 12 6 3 2 12 27 17 19 5 22 5 7 28 26 17 3 22 18 18 15 11 30 8 24 28 10
 12 4 17 15 28 18 15 23 15 27 17 19 25 23 2 12 20 11 24 27 2 22 28 2 13 6 20 24 22 3 12 17 13 12 29 18 27 24 29 22 11 17 10 8 29 13 8 23 4 5
 13 10 5 11 26 3 3 2 10 8 24 16 11 26 6 17 21 3 22 9 15 8 24 4 1 31 31 18 10 6 24 20 18 20 16 19 18 20 19 28 12 1 19 2 14 30 8 18 16 29
 9 0 2 19 7 19 26 27 22 23 19 29 8 5 4 11 19 16 28 17 26 26 6 10 20 5 3 23 8 3 4 12 9 2 26 15 13 28 17 6 5 28 25 2 16 0 25 10 0 25


