# name: B5
# type: matrix
# rows: 50
# columns: 50
 10 15 1 29 19 31 6 28 23 27 25 1 2 30 18 13 13 22 25 27 11 12 28 13 18 11 9 11 12 9 8 14 10 19 2 10 2 15 27 2 21 8 13 13 14 4 26 5 28 13
 9 27 21 7 21 3 30 19 26 31 20 8 12 17 27 18 14 11 12 11 26 19 7 26 31 1 22 20 8 30 20 25 8 31 29 8 27 19 25 3 0 5 31 9 19 18 0 13 6 19
 30 3 31 1 3 26 4 29 11 24 14 21 12 21 18 3 20 29 22 8 18 7 27 10 18 14 21 23 31 2 10 17 7 26 18 29 14 7 9 29 3 10 27 28 26 20 24 29 0 3
 7 9 23 12 29 9 21 25 17 2 13 24 1 22 16 5 4 16 16 5 13 14 15 30 0 7 24 0 2 16 1 30 2 10 26 5 11 0 27 22 0 14 15 25 14 18 7 20 1 9
 11 26 1 13 7 8 1 15 22 1 15 1 13 8 6 3 23 14 28 2 18 0 17 16 31 19 9 13 6 5 30 16 17 31 0 15 16 15 28 19 22 18 12 27 6 26 16 11 1 16
 1 21 12 17 27 30 8 29 15 13 11 17 28 30 7 28 28 19 31 9 27 29 18 18 19 19 17 20 12 15 31 7 24 17 11 13 13 22 18 29 17 17 30 23 23 19 18 26 2 14
 0 16 11 27 12 17 6 18 9 17 31 1 6 23 2 6 16 3 12 7 20 26 8 23 18 12 14 17 4 17 2 14 29 28 24 20 27 15 2 18 12 14 1 13 18 3 27 26 18 3
 6 17 28 5 4 2 20 13 22 25 23 18 24 31 26 27 27 9 10 14 5 31 20 6 29 23 3 26 17 2 21 14 18 0 25 23 31 21 14 0 8 12 31 28 25 23 7 5 4 1
 14 16 14 13 25 11 1 21 26 29 4 5 5 7 29 27 18 7 11 3 31 24 21 21 23 19 29 5 14 24 4 16 0 12 4 24 7 18 31 21 19 20 9 4 2 14 15 19 21 31
 1 7 0 26 29 6 25 3 5 2 12 19 20 9 11 24 19 7 25 9 27 25 16 13 27 17 4 16 18 27 0 25 14 8 11 1 27 14 23 7 13 0 20 15 29 14 26 25 17 8
 12 27 31 11 8 25 7 23 7 16 20 26 1 30 7 19 24 8 0 8 23 0 31 26 11 20 6 25 18 9 16 30 16 13 4 30 6 28 0 5 27 31 17 16 8 3 16 18 14 2
 16 21 7 30 27 23 21 31 5 9 26 29 4 14 7 10 22 21 26 25 2 16 17 29 0 12 11 23 5 17 13 27 27 21 29 22 27 30 25 21 3 28 11 24 19 29 8 18 11 30
 0 5 24 23 2 5 29 24 10 26 30 21 9 30 25 11 11 28 12 31 13 10 26 15 29 17 28 14 22 17 2 11 19 17 27 26 25 10 7 0 26 0 4 8 3 15 5 21 9 12
 3 30 19 20 17 21 11 24 10 14 11 24 1 30 29 24 25 21 6 5 24 26 30 5 12 31 7 13 23 8 18 31 5 23 27 2 31 12 23 10 24 20 5 1 8 31 29 25 9 26
 19 9 7 25 24 24 8 29 1 26 26 25 14 0 1 11 20 2 3 27 9 31 2 3 3 3 22 27 10 26 21 5 29 0 6 2 6 8 8 23 22 24 13 1 2 21 20 2 15 20
 15 30 28 7 26 9 22 27 31 4 4 30 18 5 26 7 9 22 11 8 24 9 28 6 19 13 27 23 0 10 12 15 10 23 29 17 1 30 31 21 10 13 0 20 30 24 25 2 22 15
 7 9 28 30 25 2 19 13 7 5 12 5 29 4 18 10 4 26 27 4 28 24 2 29 8 6 28 16 1 11 9 5 6 3 1 25 21 12 16 5 25 30 31 5 20 12 1 2 11 28
 0 9 31 14 19 29 31 22 1 8 7 1 16 19 6 14 7 26 7 15 15 2 4 21 1 17 24 25 18 1 11 23 28 6 22 25 14 1 12 16 7 16 3 26 1 0 28 30 3 9
 20 5 19 8 30 20 24 17 0 26 31 0 19 13 26 4 0 30 20 6 8 6 30 13 2 10 19 12 0 10 20 7 23 27 7 9 9 13 18 4 9 1 0 4 18 26 19 14 18 31
 11 9 14 8 19 7 20 4 12 19 24 5 0 7 31 26 30 11 20 31 7 28 25 31 29 30 6 6 15 25 14 29 30 22 28 30 23 20 22 5 2 16 23 17 2 0 31 13 4 11
 27 20 16 3 10 9 29 18 9 16 21 5 8 7 21 28 25 28 17 21 13 2 22 23 26 15 24 2 2 22 26 14 25 5 0 18 5 13 2 12 1 14 19 16 16 24 5 24 18 17
 8 18 23 19 3 27 12 7 25 29 22 10 0 15 8 30 27 15 23 1 29 26 15 9 11 11 13 28 24 12 19 16 28 22 31 1 11 2 4 11 19 26 26 9 31 16 9 21 19 10
 11 5 29 12 18 25 22 29 4 22 5 17 11 29 12 30 0 5 13 29 3 26 25 13 26 9 28 14 5 14 6 10 5 13 11 26 4 17 25 20 20 19 12 21 13 19 9 29 29 31
 15 5 11 5 20 19 16 3 21 24 29 23 25 28 4 27 1 5 24 25 31 15 17 8 5 11 22 24 11 24 20 11 5 22 3 27 22 27 5 28 17 12 13 14 6 19 9 23 0 7
 27 15 13 8 27 25 3 2 24 27 23 1 14 23 12 19 23 16 13 29 24 6 1 14 3 27 29 5 27 29 29 12 20 24 8 0 23 2 3 30 18 15 4 3 19 1 27 10 16 7
 19 23 16 17 12 17 18 21 28 4 21 10 1 18 8 16 17 29 31 26 31 27 12 10 10 16 2 14 11 19 19 1 21 9 1 0 30 18 8 3 14 26 31 12 14 1 15 24 13 17
 12 27 24 6 26 25 1 0 22 20 9 24 31 6 5 28 25 14 25 29 15 30 10 3 24 3 28 16 15 3 25 29 26 6 17 0 19 6 18 11 20 25 31 0 13 0 28 18 20 8
 23 0 2 2 30 1 22 30 27 20 11 13 30 29 2 23 10 20 26 18 6 18 6 20 5 10 2 22 12 18 4 2 18 19 2 3 2 27 25 2 2 5 6 0 28 9 15 22 21 30
 1 6 20 19 12 14 11 4 23 24 11 13 12 11 11 5 0 1 24 6 4 24 21 0 9 22 6 23 23 14 26 1 29 17 27 5 2 16 29 5 27 12 28 9 20 30 30 7 13 21
 25 27 24 15 5 1 10 26 23 10 14 8 19 14 17 17 22 26 5 10 26 22 17 4 2 11 6 21 28 16 5 15 23 11 25 13 29 26 18 3 26 8 1 24 26 10 2 19 22 20
 5 16 23 3 4 13 6 28 14 21 3 23 7 15 21 27 29 5 23 11 13 27 0 5 7 11 27 9 26 16 21 15 12 27 27 4 29 26 6 8 19 23 27 5 31 17 15 31 15 22
 26 18 6 31 6 15 18 16 14 4 10 9 15 11 21 29 20 28 6 9 2 28 15 25 4 4 29 24 3 14 1 22 25 22 5 11 12 9 5 6 12 17 29 4 27 14 13 18 31 6
 28 25 25 25 8 30 17 7 26 10 30 0 28 28 9 5 7 31 17 0 28 4 0 18 24 4 10 10 6 5 26 6 6 11 20 20 22 24 29 17 5 25 6 31 15 29 31 2 2 10
 22 18 1 14 31 29 29 10 13 12 10 27 3 21 17 7 5 13 25 3 31 20 18 18 19 6 30 12 21 10 19 22 12 19 14 24 6 30 22 17 0 13 14 7 23 11 0 27 2 0
 1 9 15 17 27 16 14 17 25 10 2 23 30 1 6 13 29 6 3 29 3 7 6 6 4 8 9 9 27 17 1 27 29 23 23 14 29 1 2 16 5 0 20 13 21 28 9 30 9 5
 6 26 6 17 18 13 24 4 5 25 9 3 21 14 19 24 6 12 4 18 13 27 16 24 0 22 10 23 16 8 24 14 31 15 15 20 12 29 21 13 23 27 4 8 5 26 20 28 14 1
 26 18 19 20 30 2 28 27 27 11 5 7 14 5 24 19 2 11 15 10 7 11 13 23 10 2 24 3 5 16 21 18 10 26 29 16 10 14 25 9 11 5 29 11 28 5 20 30 1 24
 12 5 15 29 26 9 19 4 20 18 0 18 0 21 18 19 10 2 8 9 25 28 5 11 7 8 0 30 27 3 0 26 11 31 16 27 18 29 11 7 0 24 14 29 13 18 6 9 20 30
 17 28 25 9 17 14 0 26 6 5 14 17 28 20 0 18 19 24 10 31 28 3 27 24 24 17 27 27 21 21 10 28 17 8 31 20 31 24 25 29 12 12 16 19 1 17 23 28 27 21
 6 6 25 28 3 15 5 12 28 30 5 31 2 14 18 0 18 24 16 7 29 10 11 26 11 30 0 8 22 2 26 13 7 7 3 5 16 1 26 21 0 30 3 16 18 30 12 5 26 26
 11 20 27 26 20 28 4 27 17 3 30 19 13 24 18 23 30 0 25 25 20 8 22 3 8 0 0 17 21 14 1 24 28 11 25 7 1 8 8 0 14 24 14 27 29 10 30 15 0 20
 25 4 14 5 2 10 10 4 21 3 22 25 29 23 29 19 11 19 25 2 27 24 19 8 15 31 13 12 29 19 10 4 25 5 18 20 29 26 22 7 9 3 24 14 30 4 2 28 6 0
 7 22 23 16 9 4 31 0 18 28 21 9 27 11 10 26 24 9 7 23 9 1 29 2 4 22 17 22 14 4 27 9 6 29 30 19 6 3 4 22 27 3 21 7 29 26 10 0 23 23
 13 27 10 25 3 2 0 1 28 3 23 29 5 26 11 19 9 1 28 10 7 15 5 29 5 23 2 23 11 11 7 0 15 24 19 2 28 9 5 15 12 9 15 18 31 7 27 4 31 16
 14 16 5 26 7 20 24 14 21 25 17 27 10 12 20 25 20 10 26 12 29 10 29 16 1 11 11 6 20 14 27 3 5 28 11 14 28 28 23 3 15 0 3 6 28 16 14 5 6 15
 27 1 2 15 7 10 8 12 6 31 28 3 15 11 8 22 19 17 31 19 28 13 22 0 19 9 25 9 3 6 8 5 2 9 31 0 7 13 21 29 28 12 22 7 11 10 13 8 17 11
 14 3 13 28 12 30 27 19 16 2 13 4 20 12 26 27 16 28 0 2 16 20 11 11 3 1 15 10 9 25 30 14 20 19 6 21 8 18 1 20 23 7 21 1 31 7 12 20 25 19
 6 16 19 13 21 24 10 3 20 16 29 14 8 25 13 7 21 29 0 11 26 17 30 23 10 23 1 20 24 31 28 11 31 25 11 15 29 17 31 30 20 19 25 4 5 24 0 11 14 15
 6 29 11 1 6 17 28 9 22 24 8 25 11 26 28 8 31 24 21 27 8 13 3 5 24 9 15 16 27 4 4 14 9 17 21 12 1 10 28 29 30 17 31 26 21 29 14 19 2 10
 14 0 22 15 21 4 17 14 3 12 12 19 3 27 31 22 30 29 26 11 4 17 29 6 8 9 14 9 20 2 9 17 0 17 23 23 16 23 29 5 24 23 7 23 29 24 11 29 10 4


