# name: B7
# type: matrix
# rows: 50
# columns: 50
 10 15 1 29 19 31 6 28 23 27 25 1 2 30 18 13 13 22 25 27 11 12 28 13 18 11 9 11 12 9 8 14 10 19 2 10 2 15 27 2 21 8 13 13 14 4 26 5 28 13
 7 27 19 7 17 0 1 29 28 15 20 22 27 8 1 16 24 8 28 5 18 31 24 0 21 17 23 15 2 18 25 9 18 31 11 8 18 18 6 21 25 23 23 23 6 6 5 22 30 19
 1 29 2 31 12 21 19 13 2 27 30 17 27 30 7 16 0 28 5 14 9 30 27 29 18 10 5 3 14 19 19 12 16 30 30 12 1 8 11 26 29 18 19 6 11 28 14 15 31 4
 5 4 13 2 6 2 31 1 4 17 18 1 14 4 4 30 18 8 31 23 31 30 18 31 20 25 5 24 29 23 25 15 2 3 17 25 26 6 14 6 13 1 4 18 20 17 19 10 2 7
 5 22 8 25 6 27 16 19 6 27 4 1 18 5 20 17 24 16 23 20 15 11 5 24 17 18 11 14 4 19 18 12 13 17 9 2 15 4 30 10 12 3 9 29 13 10 9 10 3 26
 1 30 26 18 4 9 18 1 16 27 27 25 4 23 29 16 5 11 17 11 7 24 21 3 30 10 8 24 6 0 3 2 1 9 18 27 31 0 31 19 23 10 15 29 0 18 28 3 12 24
 21 22 0 28 16 30 8 6 13 16 5 3 25 28 7 8 7 20 15 3 7 23 28 21 23 0 5 13 21 1 29 15 9 15 29 18 11 22 26 7 28 24 14 22 10 2 25 31 6 7
 11 27 21 20 21 28 17 11 17 12 29 9 16 25 18 10 3 31 17 7 16 19 13 24 2 11 16 12 29 11 8 14 4 13 9 20 25 12 0 11 14 4 19 0 1 4 26 2 12 27
 3 0 6 4 6 7 31 10 4 6 13 14 27 11 26 29 22 13 10 30 29 15 22 28 25 12 15 27 23 11 10 13 31 0 1 18 11 7 27 0 7 21 5 28 5 27 23 23 8 24
 28 19 11 5 22 2 15 20 8 23 23 26 10 30 14 23 5 18 17 20 17 25 16 31 23 20 27 15 18 13 10 2 2 5 11 5 24 21 8 31 24 14 18 16 31 11 9 30 15 19
 28 25 23 12 25 6 22 8 7 10 10 31 20 21 17 31 29 6 4 13 9 25 7 25 15 18 1 31 0 30 21 5 29 7 3 29 9 4 27 6 19 26 4 5 9 20 8 29 10 23
 22 15 21 3 21 26 19 8 3 13 25 0 9 11 9 27 12 28 5 12 31 5 24 24 6 2 23 11 21 25 2 23 27 21 10 25 28 27 3 28 11 22 29 13 23 2 31 27 12 19
 29 27 6 18 9 0 11 10 6 16 2 17 13 13 12 31 14 4 22 13 11 24 1 3 20 1 10 30 19 11 5 16 29 12 25 23 22 10 21 21 6 3 9 30 11 29 4 5 18 25
 29 14 2 30 10 25 26 23 22 0 21 1 21 25 8 24 15 29 11 20 6 6 15 8 13 5 31 9 5 4 13 0 15 29 6 24 7 13 27 19 15 4 27 16 24 11 25 19 20 28
 4 15 8 21 3 8 13 18 27 15 27 31 27 24 4 11 14 14 0 22 28 24 6 20 25 16 5 9 15 6 15 13 21 27 2 7 27 27 15 0 17 29 31 1 28 6 30 28 24 15
 3 20 22 7 16 1 20 0 29 28 4 1 24 9 7 0 9 16 20 14 27 6 13 25 5 1 20 11 7 8 6 24 20 8 31 0 23 9 31 30 8 30 14 16 29 2 0 0 28 5
 23 6 14 17 18 2 21 23 6 3 17 19 26 0 21 16 29 9 27 21 5 21 16 3 28 7 11 26 4 29 24 3 5 1 16 0 18 2 9 1 22 20 5 14 3 9 11 24 9 18
 5 5 12 22 20 25 18 19 31 3 23 11 12 24 18 18 13 25 29 31 7 14 19 18 2 5 20 29 14 31 27 4 21 4 5 1 11 13 1 31 17 2 13 8 30 18 26 20 6 20
 20 27 27 21 22 7 7 19 5 4 0 23 31 25 10 0 22 21 18 19 28 22 27 12 31 18 16 5 31 5 10 12 3 23 29 21 2 27 28 13 10 13 10 1 30 3 17 24 2 15
 1 31 3 11 7 23 14 18 24 5 5 8 31 31 17 12 17 16 31 26 26 5 24 17 10 1 28 28 7 14 11 12 0 26 29 27 13 17 28 6 6 5 2 6 15 2 30 8 29 31
 27 15 14 3 18 31 0 20 4 23 31 23 21 21 6 6 19 22 23 13 21 9 19 19 22 28 23 10 0 1 28 25 17 16 7 19 8 24 0 22 0 1 9 20 19 17 22 23 18 28
 11 4 27 26 28 18 29 29 28 3 23 14 23 23 22 17 16 9 8 5 7 13 23 7 15 31 14 19 24 15 14 5 3 1 16 2 0 16 2 22 20 26 5 22 9 12 1 17 25 6
 31 11 16 28 11 18 25 31 12 0 6 1 26 30 17 12 24 14 7 27 3 17 4 31 10 14 14 24 12 1 5 11 13 14 22 6 7 5 6 9 26 8 28 21 9 31 14 24 19 20
 7 25 18 0 25 31 6 9 19 28 19 12 16 15 7 10 23 24 30 11 28 4 12 5 26 0 2 9 3 10 31 17 3 7 20 17 25 28 28 27 31 12 11 1 15 25 8 9 31 19
 8 3 28 2 14 26 27 29 10 10 2 17 18 21 4 22 29 17 9 31 1 17 27 14 15 15 19 4 15 27 22 7 13 30 19 28 26 10 25 10 7 17 19 27 7 1 20 26 3 8
 6 24 3 26 19 9 17 8 24 24 4 0 30 30 11 13 17 13 10 21 29 30 2 31 19 4 4 20 24 30 27 0 22 0 9 10 31 12 10 31 15 26 31 30 21 28 9 17 8 7
 22 23 26 11 28 7 28 23 31 23 4 4 28 28 21 16 12 4 16 12 19 19 14 20 15 5 0 21 16 16 27 4 29 19 14 8 20 28 13 9 3 16 12 27 5 14 17 15 6 24
 10 22 27 7 18 30 27 8 23 2 27 1 23 3 5 12 11 2 2 25 13 14 1 8 9 16 9 24 7 9 15 21 30 11 1 29 30 5 12 19 28 0 18 29 16 2 2 11 29 5
 8 5 22 17 17 13 17 5 10 2 19 22 10 16 27 1 14 9 7 9 11 25 31 0 19 7 16 4 2 15 22 3 27 19 28 4 21 28 29 14 12 5 16 15 21 27 18 24 4 7
 23 17 26 23 2 0 15 11 21 24 10 1 18 5 27 16 12 15 6 6 0 8 25 16 3 14 0 20 0 11 22 8 19 15 26 11 4 31 9 28 10 21 29 13 25 18 7 15 4 22
 3 28 18 6 29 12 15 23 24 14 29 4 9 3 24 0 17 2 29 29 31 16 2 5 22 17 13 27 22 2 10 19 21 14 14 10 12 29 11 25 27 30 10 30 31 7 4 22 12 30
 16 2 18 4 14 2 19 22 20 17 8 15 27 7 24 20 12 8 11 29 21 22 21 16 29 20 31 21 30 13 22 16 1 14 9 28 28 6 10 0 27 15 13 27 5 21 8 18 13 6
 28 20 2 3 24 7 8 18 24 15 15 8 30 6 10 24 20 9 21 14 7 6 28 22 29 4 22 31 25 11 4 21 10 4 22 15 29 5 27 15 25 14 23 29 17 9 4 31 7 25
 3 4 18 9 26 28 2 0 6 13 18 23 18 6 19 21 3 3 19 22 21 5 22 12 31 23 5 19 7 21 29 4 15 21 26 25 11 9 0 9 8 16 12 18 20 26 25 8 28 21
 8 10 30 10 22 23 16 4 17 25 21 4 16 21 5 21 7 20 3 21 11 5 19 28 18 8 31 20 30 22 24 15 27 27 21 3 24 5 17 7 19 19 21 20 27 12 26 2 25 5
 10 5 12 13 13 7 5 0 1 4 11 15 27 19 20 28 7 25 9 22 15 21 26 10 9 23 7 2 31 1 11 15 6 9 24 20 22 22 28 1 21 30 20 3 24 11 14 17 7 20
 19 20 10 1 1 22 9 6 27 14 15 11 26 14 15 26 6 14 24 11 16 26 17 16 20 26 18 16 15 22 11 27 15 31 0 7 11 30 23 3 20 26 13 8 15 14 24 12 22 8
 24 12 3 29 30 15 21 28 14 3 3 19 12 1 25 1 14 12 6 8 12 19 30 7 3 7 1 15 5 30 12 23 0 24 15 23 6 2 14 24 10 24 10 9 1 20 5 11 1 25
 26 11 5 5 12 16 31 29 1 12 9 31 27 11 17 3 5 4 7 19 21 2 3 30 8 11 25 14 10 31 0 14 10 0 1 14 12 8 10 14 23 10 13 20 12 22 25 24 16 26
 19 15 17 6 12 27 1 21 30 18 22 16 29 30 23 22 11 26 23 13 1 25 23 16 21 6 15 29 18 23 25 19 11 26 12 7 14 9 0 8 18 10 15 2 22 7 20 2 23 26
 14 30 16 3 3 6 26 26 22 26 27 20 16 27 6 1 21 7 21 18 0 26 31 23 5 14 31 7 30 0 4 6 26 31 2 29 4 4 5 29 13 14 29 22 4 19 1 17 26 21
 19 10 29 1 0 4 28 31 20 0 0 1 22 27 4 21 24 17 12 1 8 15 15 16 27 27 25 18 14 2 9 15 15 30 17 25 24 28 23 9 2 7 26 12 18 12 5 13 26 19
 18 31 25 26 12 11 1 18 18 6 20 19 28 1 18 15 30 28 27 1 18 13 16 14 24 6 13 15 6 15 26 27 7 5 11 3 7 11 20 20 18 12 22 18 28 28 7 18 22 6
 30 29 12 31 15 19 3 22 2 1 28 23 31 20 4 23 3 19 20 8 12 26 30 20 19 9 19 1 21 26 24 22 15 28 6 6 23 27 2 15 27 13 28 1 27 4 14 30 8 27
 16 23 19 31 14 8 19 23 6 21 31 28 2 12 12 21 21 19 24 16 11 18 19 0 24 0 29 11 17 7 18 5 29 7 7 20 3 28 28 27 5 27 18 5 21 8 9 27 0 2
 17 1 8 19 7 23 30 27 14 26 10 22 1 5 2 19 4 13 21 0 25 6 14 14 16 1 20 30 15 29 30 25 12 28 10 1 19 12 11 24 9 31 12 21 8 24 5 19 11 12
 18 13 9 8 1 0 4 7 1 18 8 11 15 16 26 12 0 19 5 24 16 10 13 11 7 27 19 16 17 11 11 24 31 25 29 17 30 21 14 8 26 27 28 17 4 9 27 25 27 15
 18 16 31 26 18 27 11 23 27 6 27 20 2 29 1 0 4 5 12 20 0 12 11 31 0 8 2 21 15 6 7 15 11 6 23 13 9 21 6 21 5 20 31 14 0 23 17 0 18 23
 30 18 0 2 17 7 19 2 27 28 0 4 5 6 6 9 20 7 23 9 29 27 11 16 26 5 22 31 17 3 13 8 7 7 24 10 10 24 18 24 5 16 28 0 8 23 19 22 9 31
 5 8 23 9 19 13 18 22 12 5 27 7 13 4 9 21 24 9 23 3 1 11 15 13 9 9 29 30 10 18 20 23 18 30 6 17 26 30 25 20 27 6 17 5 23 29 22 9 8 28


