# name: B8
# type: matrix
# rows: 50
# columns: 50
 10 15 1 29 19 31 6 28 23 27 25 1 2 30 18 13 13 22 25 27 11 12 28 13 18 11 9 11 12 9 8 14 10 19 2 10 2 15 27 2 21 8 13 13 14 4 26 5 28 13
 29 18 23 21 16 16 31 20 5 27 3 29 12 0 29 19 22 23 1 5 11 15 27 24 5 27 31 16 21 24 3 9 12 29 27 8 31 23 10 19 27 25 31 16 24 1 30 14 7 0
 16 13 15 30 25 26 16 17 15 17 10 17 15 29 6 1 17 1 21 31 15 16 11 0 24 3 10 19 22 31 4 15 21 28 3 11 20 17 1 10 30 24 4 20 0 24 7 19 13 12
 8 15 15 11 29 22 16 13 2 13 2 12 6 30 18 22 15 1 21 26 4 16 21 5 21 13 7 10 24 29 25 8 23 29 25 26 15 19 24 23 13 15 3 10 13 6 27 28 31 12
 4 15 0 31 28 23 10 1 4 4 25 3 19 11 3 21 8 9 23 23 25 1 23 25 1 12 19 15 6 30 19 4 13 17 29 11 15 2 31 9 16 30 25 17 12 8 15 27 30 5
 9 25 13 9 27 18 30 1 21 13 27 30 28 7 26 26 21 3 16 13 23 17 22 9 23 14 29 2 10 8 7 25 17 25 21 29 6 12 18 30 19 28 29 28 22 3 29 8 21 5
 31 9 8 0 3 4 6 21 6 26 12 31 9 21 8 16 11 4 14 22 30 17 15 6 15 4 11 19 25 7 26 6 18 4 17 15 30 16 28 8 21 17 30 5 10 26 8 5 22 12
 24 3 8 11 22 0 14 8 7 13 10 18 3 18 25 29 20 20 27 13 5 7 30 19 22 27 17 19 21 4 16 3 24 15 23 30 29 17 24 14 19 26 21 16 26 26 20 9 23 27
 7 19 3 6 28 9 20 12 11 2 11 5 25 7 23 13 15 25 30 2 11 19 5 4 30 0 3 7 12 16 7 11 9 22 16 13 22 27 4 13 12 26 12 31 3 7 0 0 28 3
 4 14 21 27 31 11 8 26 26 25 29 29 16 29 13 5 12 12 6 29 9 31 26 5 19 9 26 27 19 1 22 15 28 29 6 8 17 12 18 19 5 24 9 5 23 21 9 19 28 0
 6 7 5 9 15 16 19 12 0 22 19 17 9 3 7 28 28 22 29 28 7 21 0 17 16 24 17 29 15 25 6 29 13 20 5 25 8 16 4 22 3 27 25 25 16 16 7 13 13 15
 24 8 13 17 30 22 4 21 17 1 24 29 4 18 4 16 14 28 0 8 26 9 12 13 2 17 17 28 1 22 12 21 22 29 15 9 31 24 31 23 13 29 30 10 16 10 7 27 15 2
 12 13 11 18 20 18 18 6 1 26 20 13 18 8 9 30 15 14 4 6 21 0 12 4 3 5 4 15 4 31 4 27 1 2 3 2 2 7 6 24 16 18 5 10 26 31 26 18 26 20
 29 10 15 0 17 21 1 24 20 25 29 18 15 11 27 30 11 3 26 11 13 18 0 10 0 18 22 9 30 23 19 4 15 18 17 3 24 10 11 22 22 8 7 15 30 21 26 8 20 15
 25 18 22 8 7 21 16 21 12 11 7 26 30 20 27 16 22 1 27 1 6 27 23 21 16 26 7 24 6 20 25 20 5 10 17 31 10 14 29 0 2 3 14 13 1 20 19 0 3 10
 15 24 26 18 18 6 11 2 19 27 30 19 8 14 9 1 12 29 5 7 15 19 8 16 12 4 29 0 8 31 30 8 8 0 9 19 10 21 25 23 28 6 9 20 12 13 29 3 6 0
 31 13 12 21 6 30 2 27 12 14 4 15 9 18 1 0 17 7 16 7 31 1 11 11 1 2 9 0 7 27 5 3 31 21 23 2 16 11 22 16 19 12 8 3 22 4 15 24 3 1
 4 6 16 30 11 10 9 14 28 20 4 20 21 4 23 5 3 5 28 26 14 9 6 18 4 17 19 28 27 1 29 2 9 22 8 8 19 13 15 4 17 19 15 1 8 31 21 7 20 12
 23 10 31 11 27 20 6 19 21 15 16 12 12 4 19 1 29 16 28 10 10 10 14 6 6 6 15 15 25 26 23 22 11 3 10 1 6 4 21 4 6 3 9 12 20 8 6 21 3 24
 25 3 7 10 14 6 0 11 25 31 21 9 28 31 28 13 2 14 15 0 13 13 1 21 18 5 10 13 26 20 26 3 18 26 27 15 29 31 31 29 25 21 14 25 2 20 7 8 22 28
 8 6 1 11 30 24 10 8 30 18 4 23 28 4 9 23 8 26 27 8 20 4 28 12 29 22 1 21 26 11 0 17 7 14 1 17 10 11 4 27 25 24 2 14 16 15 5 14 10 9
 28 20 3 31 28 18 29 30 13 5 1 24 0 16 16 12 27 6 14 11 14 6 30 6 26 14 10 10 22 18 26 29 25 30 13 21 29 26 21 20 11 2 7 17 14 1 20 7 9 1
 9 9 7 15 14 14 14 15 3 8 0 1 10 17 28 25 5 18 27 9 0 19 13 30 9 19 0 12 30 27 14 19 7 28 31 1 8 0 17 8 19 23 24 19 6 19 22 10 3 25
 18 9 29 2 13 17 22 28 18 29 12 26 18 18 21 6 14 4 18 19 15 11 0 4 7 14 27 17 10 17 29 1 31 12 4 29 1 29 13 23 16 9 11 11 27 9 1 28 26 31
 8 22 3 27 22 3 20 16 0 10 26 17 15 27 13 18 24 17 9 16 19 0 16 30 15 9 12 10 21 30 18 21 25 20 7 7 3 31 25 7 17 16 26 6 18 5 7 18 28 4
 30 3 24 31 2 25 17 17 21 12 20 22 17 23 20 31 24 17 11 22 26 23 15 12 3 29 22 27 21 30 6 31 31 14 29 4 20 20 0 7 10 16 13 15 30 27 12 6 12 19
 30 7 16 12 0 30 27 0 15 17 16 6 18 13 15 3 11 23 20 1 23 22 23 22 26 10 28 8 5 13 18 9 14 24 22 31 26 14 26 21 15 4 20 28 28 23 10 22 6 6
 21 10 11 3 10 26 15 15 27 25 1 19 5 1 30 11 14 24 13 22 6 27 27 24 25 12 31 21 6 30 31 19 16 26 7 0 8 25 21 2 5 4 28 4 11 23 1 27 6 4
 24 25 28 11 9 4 0 1 30 15 9 25 17 2 8 16 2 18 31 5 12 26 21 6 9 1 21 22 11 7 20 15 11 8 0 4 13 4 3 5 11 11 26 20 30 29 8 29 6 27
 5 2 29 11 23 4 13 16 0 18 24 18 11 23 26 17 4 29 24 14 23 26 21 20 13 12 31 23 7 19 14 23 24 31 16 10 10 17 16 14 29 23 25 11 19 31 2 7 21 27
 16 16 11 16 24 7 19 15 8 28 0 25 9 11 4 21 7 1 3 5 4 1 25 6 8 18 26 12 13 25 11 29 8 20 15 0 1 21 2 27 24 19 24 29 16 27 25 18 0 0
 25 1 15 29 8 11 21 18 12 30 5 15 5 7 7 1 22 19 30 5 0 11 12 12 20 16 16 19 4 27 20 3 0 12 12 11 12 27 3 17 17 28 21 24 13 11 12 3 22 1
 17 30 21 14 17 6 4 19 9 9 19 7 20 23 21 17 28 4 27 13 5 10 15 28 3 13 6 30 13 10 20 24 21 28 4 4 11 21 19 10 8 27 2 14 16 28 4 3 14 10
 10 28 10 26 0 26 18 14 7 9 28 12 29 26 18 2 11 13 27 11 29 21 11 18 2 24 18 4 10 4 17 19 24 26 28 24 11 15 22 4 19 18 1 3 28 16 2 20 3 30
 4 13 14 2 17 21 1 16 15 11 15 10 26 6 30 26 8 4 24 19 29 5 29 27 29 4 3 23 15 13 23 27 24 28 5 11 18 26 8 11 6 0 20 20 21 3 21 18 28 26
 30 24 27 0 28 1 1 20 11 1 24 6 21 2 17 1 18 12 29 17 28 24 16 22 0 7 12 19 21 23 21 9 3 20 24 24 26 15 13 15 17 16 20 1 6 2 28 20 4 1
 3 16 21 12 11 7 7 30 3 22 9 19 4 15 10 9 11 28 8 0 29 4 26 8 6 8 26 28 17 10 31 4 8 21 9 28 21 13 13 19 27 13 8 21 14 12 4 14 24 7
 1 12 0 28 6 15 6 7 24 11 9 19 28 8 17 17 15 17 13 28 25 14 31 30 15 7 3 18 10 14 1 1 9 15 22 28 7 10 29 7 11 16 31 6 8 25 20 4 6 14
 13 1 24 0 20 31 26 26 19 10 8 17 14 9 10 3 5 6 21 12 10 1 4 11 27 19 1 17 25 23 24 17 13 5 8 11 16 1 27 2 27 8 19 1 0 19 15 12 18 11
 3 19 10 3 11 3 2 20 22 2 24 8 0 6 26 29 8 22 19 17 17 23 16 18 2 14 10 22 14 18 0 25 10 27 23 2 26 23 6 17 30 29 13 11 8 27 5 15 9 7
 9 17 20 22 12 10 21 23 7 12 15 6 5 29 1 4 2 19 22 27 20 30 20 29 23 0 18 12 2 11 5 18 12 30 21 29 30 13 31 12 22 18 9 25 8 30 13 5 8 18
 31 10 24 24 2 26 3 5 15 23 28 0 20 31 6 19 4 20 11 0 9 24 8 5 20 17 31 23 26 17 22 27 28 30 2 22 31 31 24 24 31 26 22 6 30 22 28 24 29 13
 2 15 20 4 28 0 30 22 11 10 26 22 18 10 22 15 12 18 7 3 6 29 9 2 6 15 14 28 3 4 25 9 0 8 13 8 14 10 11 11 31 27 30 9 9 30 8 18 23 7
 23 16 20 28 13 19 27 7 28 27 6 0 13 2 8 28 30 5 17 20 14 21 5 23 21 29 20 3 14 22 5 26 14 31 8 18 11 13 12 3 30 16 22 28 8 27 14 23 26 1
 13 7 28 29 19 26 12 20 16 9 3 18 8 24 8 30 15 30 7 15 9 10 28 19 28 29 21 29 20 10 17 9 30 30 27 18 6 17 30 3 24 4 5 11 15 15 20 21 14 0
 8 9 6 14 23 11 24 21 9 26 21 26 21 18 7 4 3 20 9 31 10 0 2 11 30 29 24 0 11 4 24 10 20 15 26 29 7 20 3 23 29 8 10 28 20 9 23 3 18 15
 8 24 15 14 27 8 9 15 23 24 29 28 11 13 23 1 8 24 1 25 10 22 6 0 22 0 12 29 23 6 16 27 20 25 20 31 23 10 22 14 1 27 10 25 24 5 20 21 30 6
 3 20 13 13 10 1 0 12 10 23 17 30 16 19 6 27 18 25 22 22 2 30 31 7 3 30 2 0 26 14 29 3 1 21 26 9 30 5 22 22 18 17 19 3 15 28 15 31 27 21
 3 7 1 5 29 23 8 17 0 27 15 17 25 12 30 28 26 18 23 26 23 13 15 7 20 8 15 3 17 15 25 12 13 12 11 23 28 7 27 16 2 2 29 9 11 11 4 23 27 0
 17 7 25 19 0 13 27 7 6 30 6 10 16 4 28 6 9 28 10 12 16 22 9 18 12 20 10 13 21 23 18 0 21 23 0 7 18 31 26 3 29 28 24 23 21 16 19 20 4 12


