# name: B9
# type: matrix
# rows: 50
# columns: 50
 10 15 1 29 19 31 6 28 23 27 25 1 2 30 18 13 13 22 25 27 11 12 28 13 18 11 9 11 12 9 8 14 10 19 2 10 2 15 27 2 21 8 13 13 14 4 26 5 28 13
 22 29 21 11 5 21 26 30 1 18 8 6 16 10 10 4 0 15 17 18 8 9 5 30 4 13 9 19 23 10 5 6 10 20 5 14 20 28 5 1 29 4 16 3 14 30 20 0 20 8
 9 8 26 31 1 17 24 19 7 16 18 1 3 17 23 28 5 27 2 12 17 3 22 13 20 16 2 12 22 31 2 5 5 10 1 12 9 1 9 7 23 24 10 22 12 3 3 5 23 28
 12 3 3 14 26 1 18 31 24 0 16 6 24 0 19 8 20 16 5 26 29 9 18 25 27 29 16 26 19 3 22 24 26 0 14 9 6 30 6 7 9 26 30 11 13 0 0 20 25 11
 21 2 27 5 21 0 10 4 0 21 27 11 29 6 19 22 15 30 17 20 19 0 4 11 8 5 2 31 20 20 19 28 16 23 16 22 11 18 12 18 21 31 2 5 9 27 8 12 17 2
 7 4 30 18 21 18 3 23 29 30 9 3 30 1 19 4 28 25 6 31 11 6 30 15 8 23 10 13 23 6 27 18 30 2 28 27 22 6 9 25 22 12 27 16 8 3 15 10 25 18
 2 8 12 6 8 29 7 12 20 14 19 25 10 22 9 4 22 15 22 31 21 6 25 3 18 19 22 27 19 10 0 7 6 31 25 2 5 27 27 24 6 22 29 23 16 27 7 6 16 21
 24 4 16 9 7 29 19 20 6 29 20 18 24 22 18 12 6 11 10 12 29 6 28 11 1 2 1 1 24 15 27 2 30 25 15 31 25 15 21 21 29 17 23 9 24 30 19 4 28 26
 18 19 11 20 4 28 16 12 6 17 10 21 16 29 19 12 11 17 19 11 27 26 8 16 29 0 5 7 28 20 5 25 28 11 1 7 17 2 8 27 18 27 9 11 1 9 21 25 25 13
 4 16 29 4 9 5 7 17 29 10 6 7 19 9 8 16 4 15 23 14 24 13 1 21 9 10 11 6 3 14 12 11 0 5 6 25 2 13 17 29 31 25 14 2 26 8 17 22 15 28
 15 13 2 4 15 14 29 10 29 21 26 6 14 13 7 15 0 20 31 26 15 0 17 27 28 22 3 14 2 31 8 0 22 7 22 13 15 10 5 9 24 28 0 28 16 27 11 7 5 21
 3 25 14 6 25 28 22 28 4 15 11 13 4 23 22 28 26 26 10 19 16 10 23 30 30 0 16 1 11 1 31 9 15 11 12 15 20 0 27 5 2 14 29 21 20 25 18 6 26 3
 8 4 15 15 9 17 22 19 21 13 24 9 24 30 11 18 9 15 30 24 30 16 12 7 11 19 3 10 6 7 15 1 29 26 1 12 6 31 30 18 21 14 0 10 19 15 18 1 15 14
 2 16 31 29 20 9 8 5 7 28 3 25 7 21 9 1 10 20 27 10 27 14 22 28 26 10 18 11 23 20 19 18 11 31 5 18 17 30 23 15 20 15 16 9 12 28 8 24 10 23
 2 15 26 6 1 29 10 11 28 2 19 10 11 8 3 22 24 10 3 20 9 5 3 14 15 6 16 5 14 6 24 6 26 4 24 14 28 27 10 28 20 13 18 6 19 19 29 7 19 27
 27 2 14 19 0 0 0 9 19 29 11 16 2 25 10 8 8 20 31 29 20 18 0 13 18 13 24 29 6 26 25 20 16 2 1 9 19 15 7 1 6 6 30 12 21 30 12 16 24 5
 21 22 16 22 4 10 15 2 15 28 1 0 7 19 17 25 3 2 7 11 9 23 6 2 7 21 23 5 23 7 28 28 5 14 3 9 17 16 0 8 1 17 22 11 28 23 30 25 21 14
 12 10 20 6 9 18 5 15 25 15 1 22 24 17 15 9 10 18 9 29 2 22 20 11 23 18 21 31 15 30 18 20 8 13 20 20 23 10 17 8 31 6 24 10 6 11 4 30 12 13
 9 13 16 22 0 23 2 1 7 12 4 2 1 17 5 3 11 29 17 17 22 14 22 1 0 18 27 17 4 9 17 15 2 17 5 14 18 19 8 28 2 10 21 9 10 30 29 9 27 4
 9 1 21 23 8 15 8 10 15 0 31 7 23 19 14 21 23 25 22 13 12 14 2 28 17 23 28 8 16 16 6 0 26 25 1 1 31 0 17 28 21 6 6 16 27 13 5 2 2 8
 15 9 6 18 16 3 19 24 16 17 6 20 12 26 14 2 19 26 27 1 20 20 17 9 5 8 1 1 9 12 25 8 20 29 12 18 2 28 3 23 29 12 0 25 9 21 31 25 1 19
 25 19 5 9 2 24 21 1 6 25 20 14 5 17 13 15 4 19 0 17 16 14 23 31 23 20 0 30 14 18 31 19 31 19 3 5 4 7 12 12 19 24 22 20 21 4 29 23 1 4
 20 12 23 9 2 21 28 6 17 24 2 7 27 13 25 15 16 0 30 6 28 10 28 11 0 12 12 23 28 16 2 7 14 21 17 7 16 29 22 27 9 8 27 15 16 12 23 6 4 28
 27 15 27 8 0 8 2 28 12 8 12 17 28 30 5 5 13 10 12 9 1 22 12 5 18 19 18 15 2 29 29 17 31 4 16 18 11 16 12 16 23 10 8 15 3 27 2 1 10 2
 13 10 22 26 20 28 3 9 21 16 11 14 2 30 21 9 28 21 2 19 6 3 20 13 25 16 28 3 26 31 3 30 15 2 2 29 25 7 9 4 16 31 22 7 4 17 18 9 7 20
 25 23 26 26 0 14 1 7 30 21 26 9 6 13 20 14 11 3 6 3 21 1 26 5 26 9 8 20 3 2 23 26 8 6 19 1 24 23 20 12 19 26 8 1 24 18 5 10 26 6
 2 27 14 2 31 31 10 29 27 20 23 28 24 9 22 25 16 19 13 0 18 13 8 6 6 20 5 14 7 29 12 6 5 22 13 18 19 8 20 2 27 27 4 29 26 0 9 8 3 25
 10 18 15 11 20 31 9 29 23 26 23 28 1 21 21 18 31 22 31 29 27 7 6 9 15 21 7 19 23 5 5 30 18 18 8 23 12 31 31 18 4 15 13 12 16 4 11 12 1 11
 15 14 7 22 7 17 17 14 28 3 24 12 10 28 25 12 30 16 22 13 17 7 29 3 20 6 27 10 6 20 27 8 16 26 12 31 31 2 0 18 28 14 5 28 27 7 11 22 13 1
 8 11 9 6 1 28 25 27 6 27 10 30 13 17 11 0 2 15 10 24 28 7 17 5 8 29 13 1 15 28 4 24 23 0 4 15 18 28 11 22 5 2 10 15 12 0 1 28 27 21
 4 5 22 20 17 0 23 3 30 15 14 19 6 1 2 4 26 18 31 0 26 4 12 6 6 11 9 20 21 21 19 27 19 2 8 19 8 30 30 3 1 8 15 5 26 31 25 27 24 25
 25 27 4 19 16 1 18 30 13 6 11 19 5 21 30 26 21 28 21 10 20 24 23 25 17 27 8 11 26 23 23 10 13 17 1 6 10 28 25 11 25 1 30 0 4 1 4 7 25 23
 22 3 9 24 13 21 3 20 12 6 0 21 0 2 10 31 25 13 17 18 6 16 2 1 16 28 31 28 14 21 14 29 11 29 29 5 11 23 7 10 26 3 22 21 18 29 3 0 19 27
 25 4 6 24 27 0 6 4 3 21 1 20 20 22 8 4 16 30 10 15 13 7 2 20 30 16 17 2 0 25 26 3 27 30 7 3 4 10 5 4 12 16 21 24 17 18 5 9 15 10
 16 6 2 1 8 5 22 3 16 0 14 21 16 31 17 1 1 16 20 18 24 22 30 11 8 18 28 21 8 20 19 17 27 13 5 2 9 24 31 31 17 12 30 21 14 24 16 16 1 14
 29 30 24 9 20 9 6 29 26 23 11 7 19 28 12 11 23 12 21 20 3 31 16 0 18 0 23 31 14 15 11 22 21 30 23 11 28 16 29 17 31 18 29 11 9 8 6 26 28 24
 21 24 19 6 13 13 31 21 22 8 17 9 16 30 24 15 30 15 25 16 29 13 16 26 3 26 31 2 6 27 23 24 16 18 17 18 28 6 19 17 9 19 19 20 21 20 11 5 24 27
 26 20 26 29 26 27 30 30 10 20 20 0 5 25 24 1 30 28 12 2 15 17 3 19 3 26 27 8 6 15 26 6 0 31 18 5 17 23 4 11 17 22 27 31 14 16 30 13 11 6
 18 21 15 12 7 29 4 25 13 31 12 21 26 6 29 21 30 20 12 23 1 8 26 6 25 4 21 19 3 2 14 5 3 27 11 11 22 1 29 26 5 2 28 18 3 30 13 28 1 6
 0 0 26 26 16 0 11 12 1 22 20 4 17 21 3 14 19 24 27 10 4 27 15 4 11 17 26 7 27 2 28 17 23 28 0 11 9 0 15 8 4 10 8 7 17 7 21 24 17 3
 7 13 5 21 13 5 5 10 10 30 19 7 8 3 21 0 10 18 6 3 30 6 9 5 12 0 17 1 21 0 17 4 19 3 16 3 7 31 22 28 2 14 18 11 1 17 13 0 16 5
 23 6 13 16 2 19 20 31 17 5 31 26 22 9 23 8 21 7 30 18 18 6 15 3 7 22 17 19 20 6 8 13 2 15 7 3 2 18 6 20 3 29 21 15 13 10 15 4 16 18
 29 1 0 4 26 3 18 3 7 10 24 29 24 6 15 26 13 26 10 11 28 11 17 3 2 25 18 20 8 30 4 14 19 23 4 21 28 15 3 22 12 17 31 18 26 29 1 28 9 7
 17 19 19 11 6 1 19 16 22 5 26 10 21 29 27 22 7 2 9 14 3 22 20 7 19 9 6 0 25 14 19 2 21 14 17 23 20 6 13 25 1 17 8 24 16 22 21 9 10 6
 27 16 17 27 19 14 23 14 25 12 11 2 11 23 4 4 20 23 1 24 26 0 27 21 3 5 9 15 20 30 21 16 17 26 3 13 25 18 5 29 24 23 9 1 16 29 9 21 22 15
 14 30 13 1 9 5 17 16 24 28 2 3 27 21 7 10 29 12 23 11 28 31 25 13 22 3 10 2 29 2 23 31 17 27 3 20 8 16 8 31 11 13 24 5 3 9 29 30 5 9
 24 25 8 5 19 11 5 22 31 10 30 2 31 23 11 4 15 18 23 27 9 20 27 11 17 23 15 28 10 5 4 26 16 20 12 9 12 25 21 6 20 3 12 10 5 7 16 21 11 31
 29 31 27 17 26 0 25 27 16 31 25 4 24 12 28 30 26 8 28 3 14 25 4 19 24 1 6 28 26 27 26 7 4 28 30 18 20 7 4 24 26 8 13 22 27 2 17 20 3 5
 20 3 27 3 2 3 12 15 19 6 4 10 7 20 30 20 23 14 8 12 13 19 26 19 26 22 28 19 7 19 31 2 23 16 9 16 3 10 7 2 13 8 14 15 26 22 8 8 25 5
 29 4 24 31 19 18 16 14 26 3 15 22 20 17 15 13 4 5 15 9 30 8 13 14 12 16 3 14 15 25 18 4 25 28 14 2 5 1 27 17 22 23 13 6 15 1 13 27 27 4


